vesselCount = 48
UT = 325339080.27300978
gameMode = CAREER
gameNull = False
gameCompatible = True
funds = 8946572.5115732998
science = 975
reputationPercent = 76
ongoingContracts = 2
missionCurrentScore = 0
missionIsStarted = False
missionIsEnded = False
missionHistoryId = 00000000-0000-0000-0000-000000000000
missionExpansionVersion = 
saveMD5 = 50d8c1b48b825f6b84949090ca2d9728
