vesselCount = 46
UT = 305035297.10647929
gameMode = CAREER
gameNull = False
gameCompatible = True
funds = 8354595.7026130455
science = 937
reputationPercent = 76
ongoingContracts = 1
missionCurrentScore = 0
missionIsStarted = False
missionIsEnded = False
missionHistoryId = 00000000-0000-0000-0000-000000000000
missionExpansionVersion = 
saveMD5 = 75fea32aafd98977bc32be56302520dd
