vesselCount = 47
UT = 305035726.65990084
gameMode = CAREER
gameNull = False
gameCompatible = True
funds = 8172776.0151130455
science = 937
reputationPercent = 76
ongoingContracts = 1
missionCurrentScore = 0
missionIsStarted = False
missionIsEnded = False
missionHistoryId = 00000000-0000-0000-0000-000000000000
missionExpansionVersion = 
saveMD5 = 106662f3684ea41c988deb8415a2e2c7
