vesselCount = 42
UT = 265279041.52229282
gameMode = CAREER
gameNull = False
gameCompatible = True
funds = 7624531.1480192766
science = 843
reputationPercent = 75
ongoingContracts = 1
missionCurrentScore = 0
missionIsStarted = False
missionIsEnded = False
missionHistoryId = 00000000-0000-0000-0000-000000000000
missionExpansionVersion = 
saveMD5 = 14f25623fd45ad3656df7f37b2bb994e
