vesselCount = 33
UT = 167894360.8926931
gameMode = CAREER
gameNull = False
gameCompatible = True
funds = 5812814.4362362502
science = 619
reputationPercent = 72
ongoingContracts = 1
missionCurrentScore = 0
missionIsStarted = False
missionIsEnded = False
missionHistoryId = 00000000-0000-0000-0000-000000000000
missionExpansionVersion = 
saveMD5 = 0f6c8ace53cb96e4fcfaa7f3ef176736
