vesselCount = 48
UT = 325336160.58628744
gameMode = CAREER
gameNull = False
gameCompatible = True
funds = 8660069.1584879737
science = 975
reputationPercent = 76
ongoingContracts = 1
missionCurrentScore = 0
missionIsStarted = False
missionIsEnded = False
missionHistoryId = 00000000-0000-0000-0000-000000000000
missionExpansionVersion = 
saveMD5 = 97ddf0be64f0d52d3c9739152bcea283
