vesselCount = 35
UT = 167907614.39427644
gameMode = CAREER
gameNull = False
gameCompatible = True
funds = 5472979.6106155859
science = 619
reputationPercent = 72
ongoingContracts = 2
missionCurrentScore = 0
missionIsStarted = False
missionIsEnded = False
missionHistoryId = 00000000-0000-0000-0000-000000000000
missionExpansionVersion = 
saveMD5 = 80540747fd962b08f1ede6ef28a41388
