vesselCount = 36
UT = 168040831.17267865
gameMode = CAREER
gameNull = False
gameCompatible = True
funds = 5571202.7756419396
science = 621
reputationPercent = 73
ongoingContracts = 1
missionCurrentScore = 0
missionIsStarted = False
missionIsEnded = False
missionHistoryId = 00000000-0000-0000-0000-000000000000
missionExpansionVersion = 
saveMD5 = 88ca6949865efe955a4cd36ce932891e
