vesselCount = 48
UT = 325339079.05301094
gameMode = CAREER
gameNull = False
gameCompatible = True
funds = 8946572.5115732998
science = 975
reputationPercent = 76
ongoingContracts = 2
missionCurrentScore = 0
missionIsStarted = False
missionIsEnded = False
missionHistoryId = 00000000-0000-0000-0000-000000000000
missionExpansionVersion = 
saveMD5 = 02fa8529ef171e8f363a79b737bd0db1
