vesselCount = 35
UT = 168041668.53308776
gameMode = CAREER
gameNull = False
gameCompatible = True
funds = 5766029.0026543578
science = 634
reputationPercent = 73
ongoingContracts = 2
missionCurrentScore = 0
missionIsStarted = False
missionIsEnded = False
missionHistoryId = 00000000-0000-0000-0000-000000000000
missionExpansionVersion = 
saveMD5 = 6742617bd25842b5919eabe7be837f69
