vesselCount = 31
UT = 167875762.71390978
gameMode = CAREER
gameNull = False
gameCompatible = True
funds = 5843113.8456600783
science = 619
reputationPercent = 72
ongoingContracts = 1
missionCurrentScore = 0
missionIsStarted = False
missionIsEnded = False
missionHistoryId = 00000000-0000-0000-0000-000000000000
missionExpansionVersion = 
saveMD5 = 4a8d63f4bd2c0e850cd5ce4cdceeb643
