vesselCount = 47
UT = 305035335.60644257
gameMode = CAREER
gameNull = False
gameCompatible = True
funds = 8335323.7026130455
science = 937
reputationPercent = 76
ongoingContracts = 1
missionCurrentScore = 0
missionIsStarted = False
missionIsEnded = False
missionHistoryId = 00000000-0000-0000-0000-000000000000
missionExpansionVersion = 
saveMD5 = 5331f50564f2c41b636bf64514eb8da6
