vesselCount = 39
UT = 209560078.48898983
gameMode = CAREER
gameNull = False
gameCompatible = True
funds = 7014287.0483978065
science = 735
reputationPercent = 74
ongoingContracts = 3
missionCurrentScore = 0
missionIsStarted = False
missionIsEnded = False
missionHistoryId = 00000000-0000-0000-0000-000000000000
missionExpansionVersion = 
saveMD5 = 72632b562b008d5816cd797f03ccafa9
