vesselCount = 36
UT = 168046423.9000279
gameMode = CAREER
gameNull = False
gameCompatible = True
funds = 5741045.1626927732
science = 635
reputationPercent = 73
ongoingContracts = 1
missionCurrentScore = 0
missionIsStarted = False
missionIsEnded = False
missionHistoryId = 00000000-0000-0000-0000-000000000000
missionExpansionVersion = 
saveMD5 = 69e3fbdf1e42520f7978d8c142ce6f81
