vesselCount = 45
UT = 304868889.50470346
gameMode = CAREER
gameNull = False
gameCompatible = True
funds = 8201659.0898168813
science = 911
reputationPercent = 76
ongoingContracts = 2
missionCurrentScore = 0
missionIsStarted = False
missionIsEnded = False
missionHistoryId = 00000000-0000-0000-0000-000000000000
missionExpansionVersion = 
saveMD5 = 112a7a38594ecf5d4ef22d1d3d3ebcd0
