vesselCount = 45
UT = 304867949.08446223
gameMode = CAREER
gameNull = False
gameCompatible = True
funds = 8129611.8515356313
science = 889
reputationPercent = 76
ongoingContracts = 2
missionCurrentScore = 0
missionIsStarted = False
missionIsEnded = False
missionHistoryId = 00000000-0000-0000-0000-000000000000
missionExpansionVersion = 
saveMD5 = 469c088d1f285123a43fcf3e10f89e0d
