vesselCount = 37
UT = 167983080.61644384
gameMode = CAREER
gameNull = False
gameCompatible = True
funds = 5396129.9262948977
science = 621
reputationPercent = 73
ongoingContracts = 2
missionCurrentScore = 0
missionIsStarted = False
missionIsEnded = False
missionHistoryId = 00000000-0000-0000-0000-000000000000
missionExpansionVersion = 
saveMD5 = 9124a309b64157850047a60388238c6a
