vesselCount = 45
UT = 304987986.94034892
gameMode = CAREER
gameNull = False
gameCompatible = True
funds = 8375189.3569099205
science = 937
reputationPercent = 76
ongoingContracts = 1
missionCurrentScore = 0
missionIsStarted = False
missionIsEnded = False
missionHistoryId = 00000000-0000-0000-0000-000000000000
missionExpansionVersion = 
saveMD5 = 901699d04ab9b43f692a00a89ea76281
