vesselCount = 40
UT = 209050983.91096517
gameMode = CAREER
gameNull = False
gameCompatible = True
funds = 7021655.6749519892
science = 714
reputationPercent = 74
ongoingContracts = 4
missionCurrentScore = 0
missionIsStarted = False
missionIsEnded = False
missionHistoryId = 00000000-0000-0000-0000-000000000000
missionExpansionVersion = 
saveMD5 = 3671a9980935f80c4d99ada9102733ba
