vesselCount = 48
UT = 325335794.19744468
gameMode = CAREER
gameNull = False
gameCompatible = True
funds = 8576809.1805827003
science = 966
reputationPercent = 76
ongoingContracts = 1
missionCurrentScore = 0
missionIsStarted = False
missionIsEnded = False
missionHistoryId = 00000000-0000-0000-0000-000000000000
missionExpansionVersion = 
saveMD5 = 7137b74f5ebfc887665873d0fb5e1d4d
