vesselCount = 37
UT = 207215134.48113647
gameMode = CAREER
gameNull = False
gameCompatible = True
funds = 6202175.0599376736
science = 713
reputationPercent = 73
ongoingContracts = 0
missionCurrentScore = 0
missionIsStarted = False
missionIsEnded = False
missionHistoryId = 00000000-0000-0000-0000-000000000000
missionExpansionVersion = 
saveMD5 = 76adb4c59bbc3161612c5abd7d805495
