vesselCount = 46
UT = 304987098.52382165
gameMode = CAREER
gameNull = False
gameCompatible = True
funds = 8370164.2092658775
science = 937
reputationPercent = 76
ongoingContracts = 1
missionCurrentScore = 0
missionIsStarted = False
missionIsEnded = False
missionHistoryId = 00000000-0000-0000-0000-000000000000
missionExpansionVersion = 
saveMD5 = 86220b6d28a2c18d95b5f60281bc2384
