vesselCount = 37
UT = 168058163.79478613
gameMode = CAREER
gameNull = False
gameCompatible = True
funds = 5471881.8189427732
science = 635
reputationPercent = 73
ongoingContracts = 1
missionCurrentScore = 0
missionIsStarted = False
missionIsEnded = False
missionHistoryId = 00000000-0000-0000-0000-000000000000
missionExpansionVersion = 
saveMD5 = 7fe26209e3f6f0fbc49493546e1b20db
