vesselCount = 40
UT = 209800855.78090626
gameMode = CAREER
gameNull = False
gameCompatible = True
funds = 6753011.0666538486
science = 736
reputationPercent = 74
ongoingContracts = 2
missionCurrentScore = 0
missionIsStarted = False
missionIsEnded = False
missionHistoryId = 00000000-0000-0000-0000-000000000000
missionExpansionVersion = 
saveMD5 = 7d7ad9598d71ce0383c5c481feb47a5d
