vesselCount = 35
UT = 167895856.15376553
gameMode = CAREER
gameNull = False
gameCompatible = True
funds = 5472965.9892835962
science = 619
reputationPercent = 72
ongoingContracts = 2
missionCurrentScore = 0
missionIsStarted = False
missionIsEnded = False
missionHistoryId = 00000000-0000-0000-0000-000000000000
missionExpansionVersion = 
saveMD5 = 433dd5a9679f81dc83a68cc0b2a31242
