vesselCount = 41
UT = 265076067.38135111
gameMode = CAREER
gameNull = False
gameCompatible = True
funds = 7728886.8416227922
science = 827
reputationPercent = 75
ongoingContracts = 1
missionCurrentScore = 0
missionIsStarted = False
missionIsEnded = False
missionHistoryId = 00000000-0000-0000-0000-000000000000
missionExpansionVersion = 
saveMD5 = 12399905254fcfefd31e70cf122fc425
