vesselCount = 45
UT = 304872694.12166965
gameMode = CAREER
gameNull = False
gameCompatible = True
funds = 8289322.1442602407
science = 937
reputationPercent = 76
ongoingContracts = 2
missionCurrentScore = 0
missionIsStarted = False
missionIsEnded = False
missionHistoryId = 00000000-0000-0000-0000-000000000000
missionExpansionVersion = 
saveMD5 = 2887c223e264ce4bf7dc227e24506fa7
