vesselCount = 40
UT = 209558866.48992988
gameMode = CAREER
gameNull = False
gameCompatible = True
funds = 6999944.8443439277
science = 735
reputationPercent = 74
ongoingContracts = 3
missionCurrentScore = 0
missionIsStarted = False
missionIsEnded = False
missionHistoryId = 00000000-0000-0000-0000-000000000000
missionExpansionVersion = 
saveMD5 = 3eebfd0b51bf60f009cf80ebac740520
