vesselCount = 36
UT = 175737944.62270567
gameMode = CAREER
gameNull = False
gameCompatible = True
funds = 5612229.9682347653
science = 635
reputationPercent = 73
ongoingContracts = 1
missionCurrentScore = 0
missionIsStarted = False
missionIsEnded = False
missionHistoryId = 00000000-0000-0000-0000-000000000000
missionExpansionVersion = 
saveMD5 = 487e8382c52b3bd088d5fab2daef6077
