vesselCount = 42
UT = 265278490.05318227
gameMode = CAREER
gameNull = False
gameCompatible = True
funds = 7624531.1480192766
science = 843
reputationPercent = 75
ongoingContracts = 1
missionCurrentScore = 0
missionIsStarted = False
missionIsEnded = False
missionHistoryId = 00000000-0000-0000-0000-000000000000
missionExpansionVersion = 
saveMD5 = 5795abc5ee1c15815f6681951e8791a3
