vesselCount = 41
UT = 209801976.28868011
gameMode = CAREER
gameNull = False
gameCompatible = True
funds = 6785680.3178135166
science = 740
reputationPercent = 74
ongoingContracts = 2
missionCurrentScore = 0
missionIsStarted = False
missionIsEnded = False
missionHistoryId = 00000000-0000-0000-0000-000000000000
missionExpansionVersion = 
saveMD5 = 08b517032643b2e9ab0d38b0eb9aad3c
