vesselCount = 42
UT = 265251201.32782087
gameMode = CAREER
gameNull = False
gameCompatible = True
funds = 7612623.3404020891
science = 839
reputationPercent = 75
ongoingContracts = 1
missionCurrentScore = 0
missionIsStarted = False
missionIsEnded = False
missionHistoryId = 00000000-0000-0000-0000-000000000000
missionExpansionVersion = 
saveMD5 = 6e8280be906d7f084bfa9242d8bcd029
