vesselCount = 36
UT = 205397599.29755679
gameMode = CAREER
gameNull = False
gameCompatible = True
funds = 5687584.7943456052
science = 658
reputationPercent = 73
ongoingContracts = 1
missionCurrentScore = 0
missionIsStarted = False
missionIsEnded = False
missionHistoryId = 00000000-0000-0000-0000-000000000000
missionExpansionVersion = 
saveMD5 = 86e7cb715fdedff09e9171d3a18b0f0e
