vesselCount = 47
UT = 321074979.01049024
gameMode = CAREER
gameNull = False
gameCompatible = True
funds = 8397394.6279703956
science = 938
reputationPercent = 76
ongoingContracts = 1
missionCurrentScore = 0
missionIsStarted = False
missionIsEnded = False
missionHistoryId = 00000000-0000-0000-0000-000000000000
missionExpansionVersion = 
saveMD5 = 9ef37ebb86c3a44b12dd4ea75d45cc38
