vesselCount = 43
UT = 265062568.32877678
gameMode = CAREER
gameNull = False
gameCompatible = True
funds = 7021726.0075088609
science = 810
reputationPercent = 75
ongoingContracts = 2
missionCurrentScore = 0
missionIsStarted = False
missionIsEnded = False
missionHistoryId = 00000000-0000-0000-0000-000000000000
missionExpansionVersion = 
saveMD5 = 61fa652e9bd95b58b18c9b1943ed7f55
