vesselCount = 48
UT = 325336153.42629427
gameMode = CAREER
gameNull = False
gameCompatible = True
funds = 8660069.1584879737
science = 975
reputationPercent = 76
ongoingContracts = 1
missionCurrentScore = 0
missionIsStarted = False
missionIsEnded = False
missionHistoryId = 00000000-0000-0000-0000-000000000000
missionExpansionVersion = 
saveMD5 = 826c2cde2027479115adec980bad4e10
