vesselCount = 43
UT = 265288795.18422535
gameMode = CAREER
gameNull = False
gameCompatible = True
funds = 7610537.5386652574
science = 843
reputationPercent = 75
ongoingContracts = 1
missionCurrentScore = 0
missionIsStarted = False
missionIsEnded = False
missionHistoryId = 00000000-0000-0000-0000-000000000000
missionExpansionVersion = 
saveMD5 = 08c768a5c135702cca6e2017666d6389
