vesselCount = 39
UT = 207267235.39493629
gameMode = CAREER
gameNull = False
gameCompatible = True
funds = 6106981.2589656888
science = 713
reputationPercent = 73
ongoingContracts = 0
missionCurrentScore = 0
missionIsStarted = False
missionIsEnded = False
missionHistoryId = 00000000-0000-0000-0000-000000000000
missionExpansionVersion = 
saveMD5 = 82463578b7d5520dbc6a0b40c2cf2705
