vesselCount = 43
UT = 264978580.88022619
gameMode = CAREER
gameNull = False
gameCompatible = True
funds = 7021726.0075088609
science = 810
reputationPercent = 75
ongoingContracts = 2
missionCurrentScore = 0
missionIsStarted = False
missionIsEnded = False
missionHistoryId = 00000000-0000-0000-0000-000000000000
missionExpansionVersion = 
saveMD5 = 4100fbee3000ebcca81c5f842ee5b755
