vesselCount = 42
UT = 210277069.87439752
gameMode = CAREER
gameNull = False
gameCompatible = True
funds = 6833262.3504043687
science = 773
reputationPercent = 74
ongoingContracts = 2
missionCurrentScore = 0
missionIsStarted = False
missionIsEnded = False
missionHistoryId = 00000000-0000-0000-0000-000000000000
missionExpansionVersion = 
saveMD5 = 507cde0aeaaf00da5f1c835b627bf2f0
