vesselCount = 47
UT = 305035822.81980914
gameMode = CAREER
gameNull = False
gameCompatible = True
funds = 8172776.0151130455
science = 937
reputationPercent = 76
ongoingContracts = 1
missionCurrentScore = 0
missionIsStarted = False
missionIsEnded = False
missionHistoryId = 00000000-0000-0000-0000-000000000000
missionExpansionVersion = 
saveMD5 = 5298f0f7b4f3044af1a699d0a53a33db
