vesselCount = 42
UT = 265249338.46654671
gameMode = CAREER
gameNull = False
gameCompatible = True
funds = 7574218.1541227922
science = 827
reputationPercent = 75
ongoingContracts = 1
missionCurrentScore = 0
missionIsStarted = False
missionIsEnded = False
missionHistoryId = 00000000-0000-0000-0000-000000000000
missionExpansionVersion = 
saveMD5 = 3fafd4171bfbb60537d20a5bd60522c2
