vesselCount = 43
UT = 284762576.26754123
gameMode = CAREER
gameNull = False
gameCompatible = True
funds = 7654358.4566939697
science = 845
reputationPercent = 75
ongoingContracts = 2
missionCurrentScore = 0
missionIsStarted = False
missionIsEnded = False
missionHistoryId = 00000000-0000-0000-0000-000000000000
missionExpansionVersion = 
saveMD5 = 32b37ee8049b554770d7daa8cd139e3a
