vesselCount = 41
UT = 209083036.42018795
gameMode = CAREER
gameNull = False
gameCompatible = True
funds = 7069257.3343580728
science = 714
reputationPercent = 74
ongoingContracts = 3
missionCurrentScore = 0
missionIsStarted = False
missionIsEnded = False
missionHistoryId = 00000000-0000-0000-0000-000000000000
missionExpansionVersion = 
saveMD5 = 5ecb09de031044101eccc137ac48d0ed
