vesselCount = 36
UT = 193123517.38697234
gameMode = CAREER
gameNull = False
gameCompatible = True
funds = 5669884.5275609372
science = 653
reputationPercent = 73
ongoingContracts = 1
missionCurrentScore = 0
missionIsStarted = False
missionIsEnded = False
missionHistoryId = 00000000-0000-0000-0000-000000000000
missionExpansionVersion = 
saveMD5 = 98024fee3e80aaa84223e728f0b2373d
