vesselCount = 40
UT = 209051058.61100525
gameMode = CAREER
gameNull = False
gameCompatible = True
funds = 7069256.5243876046
science = 714
reputationPercent = 74
ongoingContracts = 3
missionCurrentScore = 0
missionIsStarted = False
missionIsEnded = False
missionHistoryId = 00000000-0000-0000-0000-000000000000
missionExpansionVersion = 
saveMD5 = 9dce0267261c6a98da2113a262b62c2e
