vesselCount = 48
UT = 325329865.73064691
gameMode = CAREER
gameNull = False
gameCompatible = True
funds = 8568403.8238932472
science = 963
reputationPercent = 76
ongoingContracts = 1
missionCurrentScore = 0
missionIsStarted = False
missionIsEnded = False
missionHistoryId = 00000000-0000-0000-0000-000000000000
missionExpansionVersion = 
saveMD5 = 8591899116de44f2d7a1f5bb2b4518a0
