vesselCount = 35
UT = 168041766.31314021
gameMode = CAREER
gameNull = False
gameCompatible = True
funds = 5875846.1183812497
science = 634
reputationPercent = 73
ongoingContracts = 1
missionCurrentScore = 0
missionIsStarted = False
missionIsEnded = False
missionHistoryId = 00000000-0000-0000-0000-000000000000
missionExpansionVersion = 
saveMD5 = 812870719316cec395021a2e0cf6ce2c
