vesselCount = 36
UT = 167981718.82630277
gameMode = CAREER
gameNull = False
gameCompatible = True
funds = 5356351.9524903381
science = 621
reputationPercent = 73
ongoingContracts = 1
missionCurrentScore = 0
missionIsStarted = False
missionIsEnded = False
missionHistoryId = 00000000-0000-0000-0000-000000000000
missionExpansionVersion = 
saveMD5 = 1ed82fba67f816647de940dbf72ff759
