vesselCount = 43
UT = 265279711.55681255
gameMode = CAREER
gameNull = False
gameCompatible = True
funds = 7673815.1696257219
science = 843
reputationPercent = 75
ongoingContracts = 1
missionCurrentScore = 0
missionIsStarted = False
missionIsEnded = False
missionHistoryId = 00000000-0000-0000-0000-000000000000
missionExpansionVersion = 
saveMD5 = 735f748805cbc0e30d15ab8b26c23ac3
