vesselCount = 44
UT = 304855724.48602164
gameMode = CAREER
gameNull = False
gameCompatible = True
funds = 8077838.4079321157
science = 874
reputationPercent = 76
ongoingContracts = 2
missionCurrentScore = 0
missionIsStarted = False
missionIsEnded = False
missionHistoryId = 00000000-0000-0000-0000-000000000000
missionExpansionVersion = 
saveMD5 = 7bf9874733651860ff62fde1180ee21f
