vesselCount = 43
UT = 284852227.16727734
gameMode = CAREER
gameNull = False
gameCompatible = True
funds = 7837789.2623580322
science = 859
reputationPercent = 75
ongoingContracts = 2
missionCurrentScore = 0
missionIsStarted = False
missionIsEnded = False
missionHistoryId = 00000000-0000-0000-0000-000000000000
missionExpansionVersion = 
saveMD5 = 2ffb485e34b0ebcd4190be9a8f9e2835
