vesselCount = 42
UT = 265250666.42107484
gameMode = CAREER
gameNull = False
gameCompatible = True
funds = 7597613.4986052141
science = 834
reputationPercent = 75
ongoingContracts = 1
missionCurrentScore = 0
missionIsStarted = False
missionIsEnded = False
missionHistoryId = 00000000-0000-0000-0000-000000000000
missionExpansionVersion = 
saveMD5 = 35798327a37d88e6421b43752dc43ffd
