vesselCount = 43
UT = 229386058.17660305
gameMode = CAREER
gameNull = False
gameCompatible = True
funds = 6909667.4822403062
science = 783
reputationPercent = 74
ongoingContracts = 2
missionCurrentScore = 0
missionIsStarted = False
missionIsEnded = False
missionHistoryId = 00000000-0000-0000-0000-000000000000
missionExpansionVersion = 
saveMD5 = 96e2bcbacb1470c01fb329e4ad7ffc33
