vesselCount = 36
UT = 167982386.65607157
gameMode = CAREER
gameNull = False
gameCompatible = True
funds = 5356353.089908638
science = 621
reputationPercent = 73
ongoingContracts = 1
missionCurrentScore = 0
missionIsStarted = False
missionIsEnded = False
missionHistoryId = 00000000-0000-0000-0000-000000000000
missionExpansionVersion = 
saveMD5 = 2d6f55630bcfce0644e5c45ca04c9d6c
