vesselCount = 41
UT = 209803701.00960532
gameMode = CAREER
gameNull = False
gameCompatible = True
funds = 6824605.8414951572
science = 752
reputationPercent = 74
ongoingContracts = 2
missionCurrentScore = 0
missionIsStarted = False
missionIsEnded = False
missionHistoryId = 00000000-0000-0000-0000-000000000000
missionExpansionVersion = 
saveMD5 = 7ad5f53ee73ac022ef6db05049987f9f
