vesselCount = 36
UT = 206621694.79993868
gameMode = CAREER
gameNull = False
gameCompatible = True
funds = 5911574.5354955075
science = 680
reputationPercent = 73
ongoingContracts = 1
missionCurrentScore = 0
missionIsStarted = False
missionIsEnded = False
missionHistoryId = 00000000-0000-0000-0000-000000000000
missionExpansionVersion = 
saveMD5 = 9073121408daf114bef6feacee7f819e
