vesselCount = 45
UT = 304961923.9239983
gameMode = CAREER
gameNull = False
gameCompatible = True
funds = 8399732.6864553187
science = 937
reputationPercent = 76
ongoingContracts = 1
missionCurrentScore = 0
missionIsStarted = False
missionIsEnded = False
missionHistoryId = 00000000-0000-0000-0000-000000000000
missionExpansionVersion = 
saveMD5 = 1f7dfd21ab21cf568f7529743835c0bb
