vesselCount = 36
UT = 206611305.60548258
gameMode = CAREER
gameNull = False
gameCompatible = True
funds = 5874438.1390111325
science = 669
reputationPercent = 73
ongoingContracts = 1
missionCurrentScore = 0
missionIsStarted = False
missionIsEnded = False
missionHistoryId = 00000000-0000-0000-0000-000000000000
missionExpansionVersion = 
saveMD5 = 37a3ae5b6106d42dcc91adedfac56dfd
