vesselCount = 47
UT = 321075162.44989604
gameMode = CAREER
gameNull = False
gameCompatible = True
funds = 8261847.5829458591
science = 937
reputationPercent = 76
ongoingContracts = 3
missionCurrentScore = 0
missionIsStarted = False
missionIsEnded = False
missionHistoryId = 00000000-0000-0000-0000-000000000000
missionExpansionVersion = 
saveMD5 = 1691e7b74c9d3cd515d3a172190501be
