vesselCount = 38
UT = 208750849.17451793
gameMode = CAREER
gameNull = False
gameCompatible = True
funds = 6106981.2589656888
science = 713
reputationPercent = 73
ongoingContracts = 0
missionCurrentScore = 0
missionIsStarted = False
missionIsEnded = False
missionHistoryId = 00000000-0000-0000-0000-000000000000
missionExpansionVersion = 
saveMD5 = 375e753f63a412a6db722af387631261
