vesselCount = 43
UT = 284856313.83940774
gameMode = CAREER
gameNull = False
gameCompatible = True
funds = 8045032.4323862325
science = 874
reputationPercent = 76
ongoingContracts = 1
missionCurrentScore = 0
missionIsStarted = False
missionIsEnded = False
missionHistoryId = 00000000-0000-0000-0000-000000000000
missionExpansionVersion = 
saveMD5 = 84e6b08ff9ec76fb444f17804bf82fdf
