vesselCount = 37
UT = 207215026.62107861
gameMode = CAREER
gameNull = False
gameCompatible = True
funds = 6217583.4507214902
science = 713
reputationPercent = 73
ongoingContracts = 1
missionCurrentScore = 0
missionIsStarted = False
missionIsEnded = False
missionHistoryId = 00000000-0000-0000-0000-000000000000
missionExpansionVersion = 
saveMD5 = 68c67d070a33295211750a50d873598e
