vesselCount = 48
UT = 325303597.66455817
gameMode = CAREER
gameNull = False
gameCompatible = True
funds = 8397394.6279703956
science = 938
reputationPercent = 76
ongoingContracts = 1
missionCurrentScore = 0
missionIsStarted = False
missionIsEnded = False
missionHistoryId = 00000000-0000-0000-0000-000000000000
missionExpansionVersion = 
saveMD5 = 829bb979b5b2441c7ee5b11d03f7a776
