vesselCount = 44
UT = 265009301.52355811
gameMode = CAREER
gameNull = False
gameCompatible = True
funds = 7021726.0075088609
science = 810
reputationPercent = 75
ongoingContracts = 2
missionCurrentScore = 0
missionIsStarted = False
missionIsEnded = False
missionHistoryId = 00000000-0000-0000-0000-000000000000
missionExpansionVersion = 
saveMD5 = 6c43540b1992e71a3bda5f2f1c314a9b
