vesselCount = 43
UT = 284850776.33665442
gameMode = CAREER
gameNull = False
gameCompatible = True
funds = 7740588.9999068603
science = 858
reputationPercent = 75
ongoingContracts = 2
missionCurrentScore = 0
missionIsStarted = False
missionIsEnded = False
missionHistoryId = 00000000-0000-0000-0000-000000000000
missionExpansionVersion = 
saveMD5 = 4b699b3d5d48190f4673af16c508123f
