vesselCount = 39
UT = 209552071.57560977
gameMode = CAREER
gameNull = False
gameCompatible = True
funds = 6957022.9234454902
science = 735
reputationPercent = 74
ongoingContracts = 4
missionCurrentScore = 0
missionIsStarted = False
missionIsEnded = False
missionHistoryId = 00000000-0000-0000-0000-000000000000
missionExpansionVersion = 
saveMD5 = 2d96999b874e521998ab8c5e412bec0c
