vesselCount = 43
UT = 229386012.91657877
gameMode = CAREER
gameNull = False
gameCompatible = True
funds = 6909667.4822403062
science = 783
reputationPercent = 74
ongoingContracts = 2
missionCurrentScore = 0
missionIsStarted = False
missionIsEnded = False
missionHistoryId = 00000000-0000-0000-0000-000000000000
missionExpansionVersion = 
saveMD5 = 865385cf34df0610e66cce4af4ef4cec
