vesselCount = 43
UT = 229385975.1365585
gameMode = CAREER
gameNull = False
gameCompatible = True
funds = 6909667.4822403062
science = 783
reputationPercent = 74
ongoingContracts = 2
missionCurrentScore = 0
missionIsStarted = False
missionIsEnded = False
missionHistoryId = 00000000-0000-0000-0000-000000000000
missionExpansionVersion = 
saveMD5 = 951d5c76c74b3ea69b23bcadb70261cb
