vesselCount = 43
UT = 284855077.62058669
gameMode = CAREER
gameNull = False
gameCompatible = True
funds = 7901987.9359281883
science = 874
reputationPercent = 75
ongoingContracts = 3
missionCurrentScore = 0
missionIsStarted = False
missionIsEnded = False
missionHistoryId = 00000000-0000-0000-0000-000000000000
missionExpansionVersion = 
saveMD5 = 223789c3f40fe7dae2903c8d08f8e91c
