vesselCount = 42
UT = 210279730.10464862
gameMode = CAREER
gameNull = False
gameCompatible = True
funds = 6833262.3504043687
science = 773
reputationPercent = 74
ongoingContracts = 2
missionCurrentScore = 0
missionIsStarted = False
missionIsEnded = False
missionHistoryId = 00000000-0000-0000-0000-000000000000
missionExpansionVersion = 
saveMD5 = 0a28af1c729f2a41e129d8b9824e71ca
