vesselCount = 43
UT = 257866299.96587583
gameMode = CAREER
gameNull = False
gameCompatible = True
funds = 6996224.2359024156
science = 809
reputationPercent = 74
ongoingContracts = 2
missionCurrentScore = 0
missionIsStarted = False
missionIsEnded = False
missionHistoryId = 00000000-0000-0000-0000-000000000000
missionExpansionVersion = 
saveMD5 = 620d3dd2985ea494e5d94ef93f978edc
