vesselCount = 43
UT = 265280176.39706191
gameMode = CAREER
gameNull = False
gameCompatible = True
funds = 7673574.4449152574
science = 843
reputationPercent = 75
ongoingContracts = 1
missionCurrentScore = 0
missionIsStarted = False
missionIsEnded = False
missionHistoryId = 00000000-0000-0000-0000-000000000000
missionExpansionVersion = 
saveMD5 = 38879ab28973e4632abf0833cf55a621
