vesselCount = 40
UT = 209538582.78624582
gameMode = CAREER
gameNull = False
gameCompatible = True
funds = 7183862.7014697557
science = 734
reputationPercent = 74
ongoingContracts = 4
missionCurrentScore = 0
missionIsStarted = False
missionIsEnded = False
missionHistoryId = 00000000-0000-0000-0000-000000000000
missionExpansionVersion = 
saveMD5 = 1c766cf022dfaf57b4263794158c1f37
