vesselCount = 39
UT = 209561418.21778426
gameMode = CAREER
gameNull = False
gameCompatible = True
funds = 7015301.4805934699
science = 736
reputationPercent = 74
ongoingContracts = 3
missionCurrentScore = 0
missionIsStarted = False
missionIsEnded = False
missionHistoryId = 00000000-0000-0000-0000-000000000000
missionExpansionVersion = 
saveMD5 = 4af9e672021689dbaa48480e1c834168
