vesselCount = 45
UT = 304867887.96452051
gameMode = CAREER
gameNull = False
gameCompatible = True
funds = 8099352.0063207876
science = 880
reputationPercent = 76
ongoingContracts = 2
missionCurrentScore = 0
missionIsStarted = False
missionIsEnded = False
missionHistoryId = 00000000-0000-0000-0000-000000000000
missionExpansionVersion = 
saveMD5 = 9008d384664d1071c39270f3ab012c79
