vesselCount = 42
UT = 221131483.61014774
gameMode = CAREER
gameNull = False
gameCompatible = True
funds = 6833262.3504043687
science = 773
reputationPercent = 74
ongoingContracts = 2
missionCurrentScore = 0
missionIsStarted = False
missionIsEnded = False
missionHistoryId = 00000000-0000-0000-0000-000000000000
missionExpansionVersion = 
saveMD5 = 87a77ef920e44cac969a170f89628f7b
