vesselCount = 42
UT = 209835914.41147214
gameMode = CAREER
gameNull = False
gameCompatible = True
funds = 6669937.1539951572
science = 752
reputationPercent = 74
ongoingContracts = 2
missionCurrentScore = 0
missionIsStarted = False
missionIsEnded = False
missionHistoryId = 00000000-0000-0000-0000-000000000000
missionExpansionVersion = 
saveMD5 = 39fb5740369afa8afaeaf09657a79741
