vesselCount = 34
UT = 167895562.41394895
gameMode = CAREER
gameNull = False
gameCompatible = True
funds = 5604756.8805790851
science = 619
reputationPercent = 72
ongoingContracts = 2
missionCurrentScore = 0
missionIsStarted = False
missionIsEnded = False
missionHistoryId = 00000000-0000-0000-0000-000000000000
missionExpansionVersion = 
saveMD5 = 142baad6a0cdf226380e36f6f6ca8ad0
