vesselCount = 36
UT = 168046469.68005246
gameMode = CAREER
gameNull = False
gameCompatible = True
funds = 5741045.1626927732
science = 635
reputationPercent = 73
ongoingContracts = 1
missionCurrentScore = 0
missionIsStarted = False
missionIsEnded = False
missionHistoryId = 00000000-0000-0000-0000-000000000000
missionExpansionVersion = 
saveMD5 = 29554578f8d518b841feabe2f55a4b28
