vesselCount = 37
UT = 206626435.39529905
gameMode = CAREER
gameNull = False
gameCompatible = True
funds = 6108094.9291722653
science = 680
reputationPercent = 73
ongoingContracts = 1
missionCurrentScore = 0
missionIsStarted = False
missionIsEnded = False
missionHistoryId = 00000000-0000-0000-0000-000000000000
missionExpansionVersion = 
saveMD5 = 480656ef0e4e7950fe1cf9575733397d
