vesselCount = 42
UT = 210260912.62713939
gameMode = CAREER
gameNull = False
gameCompatible = True
funds = 6763398.2782752523
science = 773
reputationPercent = 74
ongoingContracts = 3
missionCurrentScore = 0
missionIsStarted = False
missionIsEnded = False
missionHistoryId = 00000000-0000-0000-0000-000000000000
missionExpansionVersion = 
saveMD5 = 7c43127a26ba072dfa27795fffde09ee
