vesselCount = 42
UT = 209804171.60344407
gameMode = CAREER
gameNull = False
gameCompatible = True
funds = 6669937.1539951572
science = 752
reputationPercent = 74
ongoingContracts = 2
missionCurrentScore = 0
missionIsStarted = False
missionIsEnded = False
missionHistoryId = 00000000-0000-0000-0000-000000000000
missionExpansionVersion = 
saveMD5 = 0f5c9edb16cf5b4d4eaa0243e8094c48
