vesselCount = 47
UT = 305037410.28536963
gameMode = CAREER
gameNull = False
gameCompatible = True
funds = 8172776.0151130455
science = 937
reputationPercent = 76
ongoingContracts = 1
missionCurrentScore = 0
missionIsStarted = False
missionIsEnded = False
missionHistoryId = 00000000-0000-0000-0000-000000000000
missionExpansionVersion = 
saveMD5 = 90ff917cc8e67ad3cdf5e2c465d065e4
