vesselCount = 45
UT = 304868390.36517948
gameMode = CAREER
gameNull = False
gameCompatible = True
funds = 8201659.0898168813
science = 911
reputationPercent = 76
ongoingContracts = 2
missionCurrentScore = 0
missionIsStarted = False
missionIsEnded = False
missionHistoryId = 00000000-0000-0000-0000-000000000000
missionExpansionVersion = 
saveMD5 = 978b6604c4547a68595a772c69aada4a
