vesselCount = 41
UT = 209803055.80925921
gameMode = CAREER
gameNull = False
gameCompatible = True
funds = 6804592.7184482822
science = 746
reputationPercent = 74
ongoingContracts = 2
missionCurrentScore = 0
missionIsStarted = False
missionIsEnded = False
missionHistoryId = 00000000-0000-0000-0000-000000000000
missionExpansionVersion = 
saveMD5 = 81726caf53910c1ca35bac0d33d35bd4
