vesselCount = 45
UT = 304864996.38632113
gameMode = CAREER
gameNull = False
gameCompatible = True
funds = 8096550.1689184438
science = 880
reputationPercent = 76
ongoingContracts = 2
missionCurrentScore = 0
missionIsStarted = False
missionIsEnded = False
missionHistoryId = 00000000-0000-0000-0000-000000000000
missionExpansionVersion = 
saveMD5 = 46900697fcb0444be0485d54e0bcc81d
