vesselCount = 40
UT = 209083467.95011961
gameMode = CAREER
gameNull = False
gameCompatible = True
funds = 7147444.1660312181
science = 724
reputationPercent = 74
ongoingContracts = 4
missionCurrentScore = 0
missionIsStarted = False
missionIsEnded = False
missionHistoryId = 00000000-0000-0000-0000-000000000000
missionExpansionVersion = 
saveMD5 = 48f6896b266c3a4ec119acb1bf333bed
