vesselCount = 40
UT = 209551854.33549324
gameMode = CAREER
gameNull = False
gameCompatible = True
funds = 6957022.9234454902
science = 735
reputationPercent = 74
ongoingContracts = 4
missionCurrentScore = 0
missionIsStarted = False
missionIsEnded = False
missionHistoryId = 00000000-0000-0000-0000-000000000000
missionExpansionVersion = 
saveMD5 = 15c96e35f9580567488596eda0ea0c7f
