vesselCount = 48
UT = 325336385.24289942
gameMode = CAREER
gameNull = False
gameCompatible = True
funds = 8629809.3118082862
science = 966
reputationPercent = 76
ongoingContracts = 1
missionCurrentScore = 0
missionIsStarted = False
missionIsEnded = False
missionHistoryId = 00000000-0000-0000-0000-000000000000
missionExpansionVersion = 
saveMD5 = 71b5059440ecfc645597b0054a1298fe
