vesselCount = 45
UT = 304872231.77909613
gameMode = CAREER
gameNull = False
gameCompatible = True
funds = 8225674.8359106313
science = 918
reputationPercent = 76
ongoingContracts = 2
missionCurrentScore = 0
missionIsStarted = False
missionIsEnded = False
missionHistoryId = 00000000-0000-0000-0000-000000000000
missionExpansionVersion = 
saveMD5 = 117bb3a7f5221dea0c1d551c01137619
