vesselCount = 45
UT = 304867367.02636772
gameMode = CAREER
gameNull = False
gameCompatible = True
funds = 8096550.1689184438
science = 880
reputationPercent = 76
ongoingContracts = 2
missionCurrentScore = 0
missionIsStarted = False
missionIsEnded = False
missionHistoryId = 00000000-0000-0000-0000-000000000000
missionExpansionVersion = 
saveMD5 = 3feb0fa7d6ddce19a842904225926613
