vesselCount = 37
UT = 168046820.73373908
gameMode = CAREER
gameNull = False
gameCompatible = True
funds = 5609254.1626927732
science = 635
reputationPercent = 73
ongoingContracts = 1
missionCurrentScore = 0
missionIsStarted = False
missionIsEnded = False
missionHistoryId = 00000000-0000-0000-0000-000000000000
missionExpansionVersion = 
saveMD5 = 4dff99fcd230ee6303cfeb7409de68a0
