vesselCount = 42
UT = 210260904.08713481
gameMode = CAREER
gameNull = False
gameCompatible = True
funds = 6739102.5043369541
science = 773
reputationPercent = 74
ongoingContracts = 2
missionCurrentScore = 0
missionIsStarted = False
missionIsEnded = False
missionHistoryId = 00000000-0000-0000-0000-000000000000
missionExpansionVersion = 
saveMD5 = 0af1f82b6f3abd7e57f934bd5ba49550
