vesselCount = 37
UT = 206625927.57263717
gameMode = CAREER
gameNull = False
gameCompatible = True
funds = 6033494.7979466794
science = 680
reputationPercent = 73
ongoingContracts = 1
missionCurrentScore = 0
missionIsStarted = False
missionIsEnded = False
missionHistoryId = 00000000-0000-0000-0000-000000000000
missionExpansionVersion = 
saveMD5 = 02cb2aa8609903698f31feb0be918aa1
