vesselCount = 40
UT = 209551863.93549839
gameMode = CAREER
gameNull = False
gameCompatible = True
funds = 6957022.9234454902
science = 735
reputationPercent = 74
ongoingContracts = 4
missionCurrentScore = 0
missionIsStarted = False
missionIsEnded = False
missionHistoryId = 00000000-0000-0000-0000-000000000000
missionExpansionVersion = 
saveMD5 = 99762c32eb1b1eb0e0a2d86ab6cce426
