vesselCount = 37
UT = 168058058.53472966
gameMode = CAREER
gameNull = False
gameCompatible = True
funds = 5609254.1626927732
science = 635
reputationPercent = 73
ongoingContracts = 1
missionCurrentScore = 0
missionIsStarted = False
missionIsEnded = False
missionHistoryId = 00000000-0000-0000-0000-000000000000
missionExpansionVersion = 
saveMD5 = 9489944a19a21b6ba7365314ccffdc65
