vesselCount = 47
UT = 325259892.11152297
gameMode = CAREER
gameNull = False
gameCompatible = True
funds = 8397394.6279703956
science = 938
reputationPercent = 76
ongoingContracts = 1
missionCurrentScore = 0
missionIsStarted = False
missionIsEnded = False
missionHistoryId = 00000000-0000-0000-0000-000000000000
missionExpansionVersion = 
saveMD5 = 992f04a7e0b5c020a7709c3b4a001a2d
