vesselCount = 40
UT = 209048997.97706416
gameMode = CAREER
gameNull = False
gameCompatible = True
funds = 6963711.7081934884
science = 714
reputationPercent = 74
ongoingContracts = 5
missionCurrentScore = 0
missionIsStarted = False
missionIsEnded = False
missionHistoryId = 00000000-0000-0000-0000-000000000000
missionExpansionVersion = 
saveMD5 = 171530eb4c240f5239d36e0d0592a601
