vesselCount = 42
UT = 265279074.30231041
gameMode = CAREER
gameNull = False
gameCompatible = True
funds = 7843359.8571257219
science = 843
reputationPercent = 75
ongoingContracts = 1
missionCurrentScore = 0
missionIsStarted = False
missionIsEnded = False
missionHistoryId = 00000000-0000-0000-0000-000000000000
missionExpansionVersion = 
saveMD5 = 171f12a5773a08bfa825fe853bb3c36b
