vesselCount = 42
UT = 229275006.93173951
gameMode = CAREER
gameNull = False
gameCompatible = True
funds = 6833262.3504043687
science = 773
reputationPercent = 74
ongoingContracts = 2
missionCurrentScore = 0
missionIsStarted = False
missionIsEnded = False
missionHistoryId = 00000000-0000-0000-0000-000000000000
missionExpansionVersion = 
saveMD5 = 4c1733d7d405fd51c4b4cdc538a4c295
