vesselCount = 35
UT = 168041585.73304334
gameMode = CAREER
gameNull = False
gameCompatible = True
funds = 5664028.7302553868
science = 634
reputationPercent = 73
ongoingContracts = 1
missionCurrentScore = 0
missionIsStarted = False
missionIsEnded = False
missionHistoryId = 00000000-0000-0000-0000-000000000000
missionExpansionVersion = 
saveMD5 = 38958c0b79a4a37e4085a13d1a596921
