vesselCount = 45
UT = 304872865.24150646
gameMode = CAREER
gameNull = False
gameCompatible = True
funds = 8289322.1442602407
science = 937
reputationPercent = 76
ongoingContracts = 2
missionCurrentScore = 0
missionIsStarted = False
missionIsEnded = False
missionHistoryId = 00000000-0000-0000-0000-000000000000
missionExpansionVersion = 
saveMD5 = 8fb16f0efdddcea0f81052f628963adc
