vesselCount = 48
UT = 325335775.79746222
gameMode = CAREER
gameNull = False
gameCompatible = True
funds = 8576809.1805827003
science = 966
reputationPercent = 76
ongoingContracts = 1
missionCurrentScore = 0
missionIsStarted = False
missionIsEnded = False
missionHistoryId = 00000000-0000-0000-0000-000000000000
missionExpansionVersion = 
saveMD5 = 0066881803d53c4dcab2eb72b1f9d08c
