vesselCount = 37
UT = 207259464.90700817
gameMode = CAREER
gameNull = False
gameCompatible = True
funds = 6388047.0245906888
science = 713
reputationPercent = 73
ongoingContracts = 0
missionCurrentScore = 0
missionIsStarted = False
missionIsEnded = False
missionHistoryId = 00000000-0000-0000-0000-000000000000
missionExpansionVersion = 
saveMD5 = 55548e8c8515623732597b6ebe5d5a6c
