vesselCount = 43
UT = 284856222.69949466
gameMode = CAREER
gameNull = False
gameCompatible = True
funds = 7902246.5817716941
science = 874
reputationPercent = 75
ongoingContracts = 3
missionCurrentScore = 0
missionIsStarted = False
missionIsEnded = False
missionHistoryId = 00000000-0000-0000-0000-000000000000
missionExpansionVersion = 
saveMD5 = 8736d72e34827f10951d492ebe052cc6
