vesselCount = 43
UT = 229404181.95785064
gameMode = CAREER
gameNull = False
gameCompatible = True
funds = 6912169.1226211656
science = 784
reputationPercent = 74
ongoingContracts = 2
missionCurrentScore = 0
missionIsStarted = False
missionIsEnded = False
missionHistoryId = 00000000-0000-0000-0000-000000000000
missionExpansionVersion = 
saveMD5 = 56ce1402568b49e339ce93790596d00f
