vesselCount = 42
UT = 209805112.05754465
gameMode = CAREER
gameNull = False
gameCompatible = True
funds = 6669937.1539951572
science = 752
reputationPercent = 74
ongoingContracts = 2
missionCurrentScore = 0
missionIsStarted = False
missionIsEnded = False
missionHistoryId = 00000000-0000-0000-0000-000000000000
missionExpansionVersion = 
saveMD5 = 664f0fb50d910ae343c21546dca69964
