vesselCount = 37
UT = 206626062.33319816
gameMode = CAREER
gameNull = False
gameCompatible = True
funds = 6033494.7979466794
science = 680
reputationPercent = 73
ongoingContracts = 1
missionCurrentScore = 0
missionIsStarted = False
missionIsEnded = False
missionHistoryId = 00000000-0000-0000-0000-000000000000
missionExpansionVersion = 
saveMD5 = 202309d7c0bec5c805c6409d149e8d92
