vesselCount = 45
UT = 304969737.82279503
gameMode = CAREER
gameNull = False
gameCompatible = True
funds = 8379314.0321584437
science = 937
reputationPercent = 76
ongoingContracts = 1
missionCurrentScore = 0
missionIsStarted = False
missionIsEnded = False
missionHistoryId = 00000000-0000-0000-0000-000000000000
missionExpansionVersion = 
saveMD5 = 9e5b1224a6992a36a3830e15928c9f06
