vesselCount = 36
UT = 167997134.89907378
gameMode = CAREER
gameNull = False
gameCompatible = True
funds = 5396246.2567158202
science = 621
reputationPercent = 73
ongoingContracts = 2
missionCurrentScore = 0
missionIsStarted = False
missionIsEnded = False
missionHistoryId = 00000000-0000-0000-0000-000000000000
missionExpansionVersion = 
saveMD5 = 6e679ef790286a530edbf6b20fa4825f
