vesselCount = 40
UT = 209801653.9242171
gameMode = CAREER
gameNull = False
gameCompatible = True
funds = 6771671.1322666416
science = 736
reputationPercent = 74
ongoingContracts = 2
missionCurrentScore = 0
missionIsStarted = False
missionIsEnded = False
missionHistoryId = 00000000-0000-0000-0000-000000000000
missionExpansionVersion = 
saveMD5 = 642fdd72a008dfb4541b994e0b7833df
