vesselCount = 39
UT = 208751392.06286427
gameMode = CAREER
gameNull = False
gameCompatible = True
funds = 6042090.1431028424
science = 713
reputationPercent = 73
ongoingContracts = 1
missionCurrentScore = 0
missionIsStarted = False
missionIsEnded = False
missionHistoryId = 00000000-0000-0000-0000-000000000000
missionExpansionVersion = 
saveMD5 = 8b477b618dde22009e586c3102762abf
