vesselCount = 35
UT = 168042060.27329791
gameMode = CAREER
gameNull = False
gameCompatible = True
funds = 5878417.5064427732
science = 635
reputationPercent = 73
ongoingContracts = 1
missionCurrentScore = 0
missionIsStarted = False
missionIsEnded = False
missionHistoryId = 00000000-0000-0000-0000-000000000000
missionExpansionVersion = 
saveMD5 = 86e79543642d54f19da89e6b9e23e806
