vesselCount = 44
UT = 284858513.7849685
gameMode = CAREER
gameNull = False
gameCompatible = True
funds = 8057138.4079321157
science = 874
reputationPercent = 76
ongoingContracts = 1
missionCurrentScore = 0
missionIsStarted = False
missionIsEnded = False
missionHistoryId = 00000000-0000-0000-0000-000000000000
missionExpansionVersion = 
saveMD5 = 18a3d4456770ef22baa723e9870febbf
