vesselCount = 45
UT = 304875456.12217104
gameMode = CAREER
gameNull = False
gameCompatible = True
funds = 8289322.1442602407
science = 937
reputationPercent = 76
ongoingContracts = 2
missionCurrentScore = 0
missionIsStarted = False
missionIsEnded = False
missionHistoryId = 00000000-0000-0000-0000-000000000000
missionExpansionVersion = 
saveMD5 = 8010e90c671a3edf4ab006375509716c
