vesselCount = 36
UT = 206600380.86661085
gameMode = CAREER
gameNull = False
gameCompatible = True
funds = 5866185.706393945
science = 666
reputationPercent = 73
ongoingContracts = 1
missionCurrentScore = 0
missionIsStarted = False
missionIsEnded = False
missionHistoryId = 00000000-0000-0000-0000-000000000000
missionExpansionVersion = 
saveMD5 = 201832e28660b7d1bcd436ea836ca2eb
