vesselCount = 41
UT = 209803543.24952069
gameMode = CAREER
gameNull = False
gameCompatible = True
funds = 6824605.8414951572
science = 752
reputationPercent = 74
ongoingContracts = 2
missionCurrentScore = 0
missionIsStarted = False
missionIsEnded = False
missionHistoryId = 00000000-0000-0000-0000-000000000000
missionExpansionVersion = 
saveMD5 = 6073d0f9dc065deaef02f086fa5ab11c
