vesselCount = 43
UT = 265289129.92948073
gameMode = CAREER
gameNull = False
gameCompatible = True
funds = 7610537.5386652574
science = 843
reputationPercent = 75
ongoingContracts = 1
missionCurrentScore = 0
missionIsStarted = False
missionIsEnded = False
missionHistoryId = 00000000-0000-0000-0000-000000000000
missionExpansionVersion = 
saveMD5 = 99fe81aaefb27cfb361765f5facd8cc7
