vesselCount = 44
UT = 229374104.24137563
gameMode = CAREER
gameNull = False
gameCompatible = True
funds = 6897259.3462539781
science = 779
reputationPercent = 74
ongoingContracts = 2
missionCurrentScore = 0
missionIsStarted = False
missionIsEnded = False
missionHistoryId = 00000000-0000-0000-0000-000000000000
missionExpansionVersion = 
saveMD5 = 7790b483bea5c4ec350ab5e855999dd1
