vesselCount = 44
UT = 304864782.30652529
gameMode = CAREER
gameNull = False
gameCompatible = True
funds = 8096550.1689184438
science = 880
reputationPercent = 76
ongoingContracts = 2
missionCurrentScore = 0
missionIsStarted = False
missionIsEnded = False
missionHistoryId = 00000000-0000-0000-0000-000000000000
missionExpansionVersion = 
saveMD5 = 695c59cb9e3549ae8babb9d9b67f8f0e
