vesselCount = 39
UT = 209571491.44704509
gameMode = CAREER
gameNull = False
gameCompatible = True
funds = 6903121.8322788486
science = 736
reputationPercent = 74
ongoingContracts = 2
missionCurrentScore = 0
missionIsStarted = False
missionIsEnded = False
missionHistoryId = 00000000-0000-0000-0000-000000000000
missionExpansionVersion = 
saveMD5 = 85a166f206903a51823c201d4784edcc
