vesselCount = 43
UT = 265297514.92520466
gameMode = CAREER
gameNull = False
gameCompatible = True
funds = 7610537.5386652574
science = 843
reputationPercent = 75
ongoingContracts = 1
missionCurrentScore = 0
missionIsStarted = False
missionIsEnded = False
missionHistoryId = 00000000-0000-0000-0000-000000000000
missionExpansionVersion = 
saveMD5 = 97a00f6ff37ea529543b25daeb3a265e
