vesselCount = 43
UT = 229372841.85803205
gameMode = CAREER
gameNull = False
gameCompatible = True
funds = 6834368.6056533922
science = 773
reputationPercent = 74
ongoingContracts = 2
missionCurrentScore = 0
missionIsStarted = False
missionIsEnded = False
missionHistoryId = 00000000-0000-0000-0000-000000000000
missionExpansionVersion = 
saveMD5 = 85b5eb79ae5bf5ec5641a83a141c36a7
