vesselCount = 48
UT = 325336091.34635347
gameMode = CAREER
gameNull = False
gameCompatible = True
funds = 8636533.721476255
science = 968
reputationPercent = 76
ongoingContracts = 1
missionCurrentScore = 0
missionIsStarted = False
missionIsEnded = False
missionHistoryId = 00000000-0000-0000-0000-000000000000
missionExpansionVersion = 
saveMD5 = 550ee787752c43eed2166b8208d70516
