vesselCount = 43
UT = 284856337.17938548
gameMode = CAREER
gameNull = False
gameCompatible = True
funds = 8097299.9318927061
science = 874
reputationPercent = 76
ongoingContracts = 2
missionCurrentScore = 0
missionIsStarted = False
missionIsEnded = False
missionHistoryId = 00000000-0000-0000-0000-000000000000
missionExpansionVersion = 
saveMD5 = 2d7521845b1c52c7dd1a2293bb84121f
