vesselCount = 41
UT = 209802426.92892185
gameMode = CAREER
gameNull = False
gameCompatible = True
funds = 6792684.9108310947
science = 742
reputationPercent = 74
ongoingContracts = 2
missionCurrentScore = 0
missionIsStarted = False
missionIsEnded = False
missionHistoryId = 00000000-0000-0000-0000-000000000000
missionExpansionVersion = 
saveMD5 = 7db9a64a3829114242a5a7d6690715d4
