vesselCount = 37
UT = 167983361.53659454
gameMode = CAREER
gameNull = False
gameCompatible = True
funds = 5396130.3479404198
science = 621
reputationPercent = 73
ongoingContracts = 2
missionCurrentScore = 0
missionIsStarted = False
missionIsEnded = False
missionHistoryId = 00000000-0000-0000-0000-000000000000
missionExpansionVersion = 
saveMD5 = 5f05458b7629bd9833fdf8492fdded08
