vesselCount = 47
UT = 321075146.08991164
gameMode = CAREER
gameNull = False
gameCompatible = True
funds = 8172776.0151130455
science = 937
reputationPercent = 76
ongoingContracts = 1
missionCurrentScore = 0
missionIsStarted = False
missionIsEnded = False
missionHistoryId = 00000000-0000-0000-0000-000000000000
missionExpansionVersion = 
saveMD5 = 817bfe8b59672db304e536b8e3a76248
