vesselCount = 36
UT = 168042721.18748149
gameMode = CAREER
gameNull = False
gameCompatible = True
funds = 5741045.1626927732
science = 635
reputationPercent = 73
ongoingContracts = 1
missionCurrentScore = 0
missionIsStarted = False
missionIsEnded = False
missionHistoryId = 00000000-0000-0000-0000-000000000000
missionExpansionVersion = 
saveMD5 = 1989adbc5818535d6626a98a2faf808c
