vesselCount = 46
UT = 304961843.40407509
gameMode = CAREER
gameNull = False
gameCompatible = True
funds = 8399732.6864553187
science = 937
reputationPercent = 76
ongoingContracts = 1
missionCurrentScore = 0
missionIsStarted = False
missionIsEnded = False
missionHistoryId = 00000000-0000-0000-0000-000000000000
missionExpansionVersion = 
saveMD5 = 7b31af14db706a4f52395a9d698a3a36
