vesselCount = 43
UT = 229372100.1616714
gameMode = CAREER
gameNull = False
gameCompatible = True
funds = 6834368.6056533922
science = 773
reputationPercent = 74
ongoingContracts = 2
missionCurrentScore = 0
missionIsStarted = False
missionIsEnded = False
missionHistoryId = 00000000-0000-0000-0000-000000000000
missionExpansionVersion = 
saveMD5 = 8fb03d1888b4e093f1be9c1c34f8b6f8
