vesselCount = 43
UT = 229373208.38787302
gameMode = CAREER
gameNull = False
gameCompatible = True
funds = 6836862.4703994859
science = 774
reputationPercent = 74
ongoingContracts = 2
missionCurrentScore = 0
missionIsStarted = False
missionIsEnded = False
missionHistoryId = 00000000-0000-0000-0000-000000000000
missionExpansionVersion = 
saveMD5 = 3dff115ca13403dc8f87509763338584
