vesselCount = 39
UT = 208817720.44897822
gameMode = CAREER
gameNull = False
gameCompatible = True
funds = 6042090.1431028424
science = 713
reputationPercent = 73
ongoingContracts = 1
missionCurrentScore = 0
missionIsStarted = False
missionIsEnded = False
missionHistoryId = 00000000-0000-0000-0000-000000000000
missionExpansionVersion = 
saveMD5 = 533b2d078ea63b8f9e7231944e784e1a
