vesselCount = 43
UT = 284853017.90652323
gameMode = CAREER
gameNull = False
gameCompatible = True
funds = 7887621.7391646728
science = 874
reputationPercent = 75
ongoingContracts = 2
missionCurrentScore = 0
missionIsStarted = False
missionIsEnded = False
missionHistoryId = 00000000-0000-0000-0000-000000000000
missionExpansionVersion = 
saveMD5 = 12ee19b537de907de72e4ec21de9a1c8
