vesselCount = 46
UT = 304987185.75771642
gameMode = CAREER
gameNull = False
gameCompatible = True
funds = 8374964.2092658775
science = 937
reputationPercent = 76
ongoingContracts = 1
missionCurrentScore = 0
missionIsStarted = False
missionIsEnded = False
missionHistoryId = 00000000-0000-0000-0000-000000000000
missionExpansionVersion = 
saveMD5 = 565550d019dc2711b4082f3363471869
