vesselCount = 15
UT = 30935133.70842975
gameMode = CAREER
gameNull = False
gameCompatible = True
funds = 1883052.1364166562
science = 38
reputationPercent = 46
ongoingContracts = 4
missionCurrentScore = 0
missionIsStarted = False
missionIsEnded = False
missionHistoryId = 00000000-0000-0000-0000-000000000000
missionExpansionVersion = 
saveMD5 = 9fd0948c36e8a41f31db7517e4d932d7
