vesselCount = 3
UT = 351712.84723436425
gameMode = CAREER
gameNull = False
gameCompatible = True
funds = 450233.87601092982
science = 25
reputationPercent = 20
ongoingContracts = 6
missionCurrentScore = 0
missionIsStarted = False
missionIsEnded = False
missionHistoryId = 00000000-0000-0000-0000-000000000000
missionExpansionVersion = 
saveMD5 = 35f925cafed90e9a58eddd6a6d091728
