vesselCount = 8
UT = 1452144.7225385553
gameMode = CAREER
gameNull = False
gameCompatible = True
funds = 701337.41295960813
science = 58
reputationPercent = 33
ongoingContracts = 2
missionCurrentScore = 0
missionIsStarted = False
missionIsEnded = False
missionHistoryId = 00000000-0000-0000-0000-000000000000
missionExpansionVersion = 
saveMD5 = 5e7b788d654a81569ee3dfdf66a8be3a
