vesselCount = 14
UT = 32001303.485708993
gameMode = CAREER
gameNull = False
gameCompatible = True
funds = 1012382.2657816154
science = 536
reputationPercent = 53
ongoingContracts = 3
missionCurrentScore = 0
missionIsStarted = False
missionIsEnded = False
missionHistoryId = 00000000-0000-0000-0000-000000000000
missionExpansionVersion = 
saveMD5 = 7c6a60ff6b54bbdf3452b731b3410474
