vesselCount = 9
UT = 17165874.036877017
gameMode = CAREER
gameNull = False
gameCompatible = True
funds = 1001255.6517307576
science = 119
reputationPercent = 37
ongoingContracts = 2
missionCurrentScore = 0
missionIsStarted = False
missionIsEnded = False
missionHistoryId = 00000000-0000-0000-0000-000000000000
missionExpansionVersion = 
saveMD5 = 14c31c4747c301981b96d468a8bd87a5
