vesselCount = 8
UT = 1450195.1190501417
gameMode = CAREER
gameNull = False
gameCompatible = True
funds = 246745.36618820281
science = 33
reputationPercent = 29
ongoingContracts = 0
missionCurrentScore = 0
missionIsStarted = False
missionIsEnded = False
missionHistoryId = 00000000-0000-0000-0000-000000000000
missionExpansionVersion = 
saveMD5 = 7daeef0db832ca1f34275e8e008f55c9
