vesselCount = 24
UT = 82505824.799565509
gameMode = CAREER
gameNull = False
gameCompatible = True
funds = 3595528.3702201415
science = 13
reputationPercent = 66
ongoingContracts = 2
missionCurrentScore = 0
missionIsStarted = False
missionIsEnded = False
missionHistoryId = 00000000-0000-0000-0000-000000000000
missionExpansionVersion = 
saveMD5 = 703d90c970a9a8f91b83cea5b1db26f7
