vesselCount = 24
UT = 89082388.710656226
gameMode = CAREER
gameNull = False
gameCompatible = True
funds = 4416259.1552061737
science = 1262
reputationPercent = 68
ongoingContracts = 1
missionCurrentScore = 0
missionIsStarted = False
missionIsEnded = False
missionHistoryId = 00000000-0000-0000-0000-000000000000
missionExpansionVersion = 
saveMD5 = 85d795221c82e9899171c0561e725b9e
