vesselCount = 27
UT = 134646499.0872173
gameMode = CAREER
gameNull = False
gameCompatible = True
funds = 4864482.1560603967
science = 771
reputationPercent = 69
ongoingContracts = 2
missionCurrentScore = 0
missionIsStarted = False
missionIsEnded = False
missionHistoryId = 00000000-0000-0000-0000-000000000000
missionExpansionVersion = 
saveMD5 = 62dcea9f51ebbf640d0b5d32ca6f6a2c
