vesselCount = 31
UT = 167875767.2339122
gameMode = CAREER
gameNull = False
gameCompatible = True
funds = 5843113.8456600783
science = 619
reputationPercent = 72
ongoingContracts = 1
missionCurrentScore = 0
missionIsStarted = False
missionIsEnded = False
missionHistoryId = 00000000-0000-0000-0000-000000000000
missionExpansionVersion = 
saveMD5 = 46f98179cbed3211a534a59e61e1b6f5
