vesselCount = 28
UT = 134897638.23551181
gameMode = CAREER
gameNull = False
gameCompatible = True
funds = 4180513.4267062731
science = 101
reputationPercent = 69
ongoingContracts = 1
missionCurrentScore = 0
missionIsStarted = False
missionIsEnded = False
missionHistoryId = 00000000-0000-0000-0000-000000000000
missionExpansionVersion = 
saveMD5 = 91a4710d5af84664b17af9b95484daf9
