vesselCount = 31
UT = 167875775.93391687
gameMode = CAREER
gameNull = False
gameCompatible = True
funds = 5843113.8456600783
science = 619
reputationPercent = 72
ongoingContracts = 1
missionCurrentScore = 0
missionIsStarted = False
missionIsEnded = False
missionHistoryId = 00000000-0000-0000-0000-000000000000
missionExpansionVersion = 
saveMD5 = 7afd1464b301bcfa1e8ab49da80d5046
