vesselCount = 22
UT = 80979108.028110698
gameMode = CAREER
gameNull = False
gameCompatible = True
funds = 3548979.0030058841
science = 928
reputationPercent = 66
ongoingContracts = 2
missionCurrentScore = 0
missionIsStarted = False
missionIsEnded = False
missionHistoryId = 00000000-0000-0000-0000-000000000000
missionExpansionVersion = 
saveMD5 = 9134a768f64796a21b073fd9d96a56a0
