vesselCount = 24
UT = 89082387.410656497
gameMode = CAREER
gameNull = False
gameCompatible = True
funds = 4416259.1552061737
science = 1262
reputationPercent = 68
ongoingContracts = 1
missionCurrentScore = 0
missionIsStarted = False
missionIsEnded = False
missionHistoryId = 00000000-0000-0000-0000-000000000000
missionExpansionVersion = 
saveMD5 = 382d9e0ff2904f92cc64ffec2c71d957
