vesselCount = 17
UT = 46513999.256031111
gameMode = CAREER
gameNull = False
gameCompatible = True
funds = 2276592.8465656401
science = 81
reputationPercent = 58
ongoingContracts = 2
missionCurrentScore = 0
missionIsStarted = False
missionIsEnded = False
missionHistoryId = 00000000-0000-0000-0000-000000000000
missionExpansionVersion = 
saveMD5 = 36ecd7fd666d0b2ea480a1d0fd355a8d
