vesselCount = 22
UT = 80981157.474644512
gameMode = CAREER
gameNull = False
gameCompatible = True
funds = 3548979.0030058841
science = 476
reputationPercent = 66
ongoingContracts = 2
missionCurrentScore = 0
missionIsStarted = False
missionIsEnded = False
missionHistoryId = 00000000-0000-0000-0000-000000000000
missionExpansionVersion = 
saveMD5 = 761a0aa0b4c67c3d6c1b52d8d4f95f54
