vesselCount = 20
UT = 71568377.02229926
gameMode = CAREER
gameNull = False
gameCompatible = True
funds = 4239037.7262308793
science = 68
reputationPercent = 62
ongoingContracts = 2
missionCurrentScore = 0
missionIsStarted = False
missionIsEnded = False
missionHistoryId = 00000000-0000-0000-0000-000000000000
missionExpansionVersion = 
saveMD5 = 6e31ed394d429944492548e72f3233db
