vesselCount = 15
UT = 45879988.478270508
gameMode = CAREER
gameNull = False
gameCompatible = True
funds = 1750317.7553671491
science = 457
reputationPercent = 56
ongoingContracts = 2
missionCurrentScore = 0
missionIsStarted = False
missionIsEnded = False
missionHistoryId = 00000000-0000-0000-0000-000000000000
missionExpansionVersion = 
saveMD5 = 124469b1493a95b36711613509550a12
