vesselCount = 25
UT = 82210450.592626244
gameMode = CAREER
gameNull = False
gameCompatible = True
funds = 3449844.0772246341
science = 1510
reputationPercent = 66
ongoingContracts = 2
missionCurrentScore = 0
missionIsStarted = False
missionIsEnded = False
missionHistoryId = 00000000-0000-0000-0000-000000000000
missionExpansionVersion = 
saveMD5 = 6522f309381825149fb2b5d12bbde3a3
