vesselCount = 31
UT = 167462032.05097798
gameMode = CAREER
gameNull = False
gameCompatible = True
funds = 5280772.3314486248
science = 617
reputationPercent = 71
ongoingContracts = 2
missionCurrentScore = 0
missionIsStarted = False
missionIsEnded = False
missionHistoryId = 00000000-0000-0000-0000-000000000000
missionExpansionVersion = 
saveMD5 = 8b15d91f6bb96a95cfca73fd43d1c0a7
