vesselCount = 24
UT = 88977974.918973714
gameMode = CAREER
gameNull = False
gameCompatible = True
funds = 4359358.463634938
science = 1059
reputationPercent = 68
ongoingContracts = 2
missionCurrentScore = 0
missionIsStarted = False
missionIsEnded = False
missionHistoryId = 00000000-0000-0000-0000-000000000000
missionExpansionVersion = 
saveMD5 = 05c9f9a44cae5e6dc75921b354fcd76d
