vesselCount = 16
UT = 46385228.934511892
gameMode = CAREER
gameNull = False
gameCompatible = True
funds = 2312569.8465656401
science = 81
reputationPercent = 58
ongoingContracts = 2
missionCurrentScore = 0
missionIsStarted = False
missionIsEnded = False
missionHistoryId = 00000000-0000-0000-0000-000000000000
missionExpansionVersion = 
saveMD5 = 62512f1c5fff94e4591f964840c68c48
