vesselCount = 24
UT = 86910825.250174627
gameMode = CAREER
gameNull = False
gameCompatible = True
funds = 3869158.3629245325
science = 1216
reputationPercent = 66
ongoingContracts = 2
missionCurrentScore = 0
missionIsStarted = False
missionIsEnded = False
missionHistoryId = 00000000-0000-0000-0000-000000000000
missionExpansionVersion = 
saveMD5 = 774a871adfbc5af6c2acc9055163c92c
