vesselCount = 15
UT = 31608074.356832236
gameMode = CAREER
gameNull = False
gameCompatible = True
funds = 1883052.1364166562
science = 38
reputationPercent = 46
ongoingContracts = 4
missionCurrentScore = 0
missionIsStarted = False
missionIsEnded = False
missionHistoryId = 00000000-0000-0000-0000-000000000000
missionExpansionVersion = 
saveMD5 = 51a48c5201cebf433dd4cb9b6e6b0912
