vesselCount = 20
UT = 65231543.306185901
gameMode = CAREER
gameNull = False
gameCompatible = True
funds = 4277106.5234446246
science = 68
reputationPercent = 64
ongoingContracts = 3
missionCurrentScore = 0
missionIsStarted = False
missionIsEnded = False
missionHistoryId = 00000000-0000-0000-0000-000000000000
missionExpansionVersion = 
saveMD5 = 32d49a4d822dfb99738d4be3b0687df3
