vesselCount = 8
UT = 1450143.979050094
gameMode = CAREER
gameNull = False
gameCompatible = True
funds = 246745.36618820281
science = 193
reputationPercent = 29
ongoingContracts = 5
missionCurrentScore = 0
missionIsStarted = False
missionIsEnded = False
missionHistoryId = 00000000-0000-0000-0000-000000000000
missionExpansionVersion = 
saveMD5 = 13320157d6f517f359d9bc9d1ec4432e
