vesselCount = 29
UT = 157533228.21711537
gameMode = CAREER
gameNull = False
gameCompatible = True
funds = 5068602.9835019205
science = 1352
reputationPercent = 71
ongoingContracts = 1
missionCurrentScore = 0
missionIsStarted = False
missionIsEnded = False
missionHistoryId = 00000000-0000-0000-0000-000000000000
missionExpansionVersion = 
saveMD5 = 88eb59f6ef01305800ec9427fea0e049
