vesselCount = 16
UT = 47712751.1428435
gameMode = CAREER
gameNull = False
gameCompatible = True
funds = 3633837.0200585062
science = 282
reputationPercent = 60
ongoingContracts = 4
missionCurrentScore = 0
missionIsStarted = False
missionIsEnded = False
missionHistoryId = 00000000-0000-0000-0000-000000000000
missionExpansionVersion = 
saveMD5 = 74c16e55feff5f83334db05aa121e84f
