vesselCount = 26
UT = 96701944.802049235
gameMode = CAREER
gameNull = False
gameCompatible = True
funds = 4186564.4731071144
science = 2186
reputationPercent = 68
ongoingContracts = 0
missionCurrentScore = 0
missionIsStarted = False
missionIsEnded = False
missionHistoryId = 00000000-0000-0000-0000-000000000000
missionExpansionVersion = 
saveMD5 = 313aa743650d7ac595c15a07dadb0010
