vesselCount = 26
UT = 105966707.04203017
gameMode = CAREER
gameNull = False
gameCompatible = True
funds = 4186564.4731071144
science = 3320
reputationPercent = 68
ongoingContracts = 0
missionCurrentScore = 0
missionIsStarted = False
missionIsEnded = False
missionHistoryId = 00000000-0000-0000-0000-000000000000
missionExpansionVersion = 
saveMD5 = 4ecc79428dad1be1dcb712e886ff850d
