vesselCount = 29
UT = 157534085.46535391
gameMode = CAREER
gameNull = False
gameCompatible = True
funds = 5261614.1473455261
science = 1506
reputationPercent = 71
ongoingContracts = 2
missionCurrentScore = 0
missionIsStarted = False
missionIsEnded = False
missionHistoryId = 00000000-0000-0000-0000-000000000000
missionExpansionVersion = 
saveMD5 = 0030cf6d6186b559b22ad4163cf30b3b
