vesselCount = 16
UT = 46953100.749973319
gameMode = CAREER
gameNull = False
gameCompatible = True
funds = 3756070.2622460062
science = 141
reputationPercent = 60
ongoingContracts = 3
missionCurrentScore = 0
missionIsStarted = False
missionIsEnded = False
missionHistoryId = 00000000-0000-0000-0000-000000000000
missionExpansionVersion = 
saveMD5 = 8ab1aade3dfc3072a69921eee3353186
