vesselCount = 31
UT = 167538570.06073326
gameMode = CAREER
gameNull = False
gameCompatible = True
funds = 5405423.4606956253
science = 617
reputationPercent = 71
ongoingContracts = 3
missionCurrentScore = 0
missionIsStarted = False
missionIsEnded = False
missionHistoryId = 00000000-0000-0000-0000-000000000000
missionExpansionVersion = 
saveMD5 = 58c84a6cccf44619a67659f3cb747dba
