vesselCount = 8
UT = 1513380.0442061466
gameMode = CAREER
gameNull = False
gameCompatible = True
funds = 825826.76604226499
science = 109
reputationPercent = 35
ongoingContracts = 2
missionCurrentScore = 0
missionIsStarted = False
missionIsEnded = False
missionHistoryId = 00000000-0000-0000-0000-000000000000
missionExpansionVersion = 
saveMD5 = 9e571b320d5544704115ec8a3a9dc8dc
