vesselCount = 15
UT = 47002540.249493614
gameMode = CAREER
gameNull = False
gameCompatible = True
funds = 3756070.2622460062
science = 142
reputationPercent = 60
ongoingContracts = 3
missionCurrentScore = 0
missionIsStarted = False
missionIsEnded = False
missionHistoryId = 00000000-0000-0000-0000-000000000000
missionExpansionVersion = 
saveMD5 = 27e03111f849773d2f1d29e26da9b240
