vesselCount = 32
UT = 167870637.84534624
gameMode = CAREER
gameNull = False
gameCompatible = True
funds = 5685012.4121936569
science = 618
reputationPercent = 72
ongoingContracts = 1
missionCurrentScore = 0
missionIsStarted = False
missionIsEnded = False
missionHistoryId = 00000000-0000-0000-0000-000000000000
missionExpansionVersion = 
saveMD5 = 7c33790b4b44669b39e19d99d472ea74
