vesselCount = 32
UT = 167875301.05838421
gameMode = CAREER
gameNull = False
gameCompatible = True
funds = 5747338.1750803599
science = 619
reputationPercent = 72
ongoingContracts = 2
missionCurrentScore = 0
missionIsStarted = False
missionIsEnded = False
missionHistoryId = 00000000-0000-0000-0000-000000000000
missionExpansionVersion = 
saveMD5 = 6956eecef4c8694da44ee3e05dacea10
