vesselCount = 14
UT = 30929937.665623058
gameMode = CAREER
gameNull = False
gameCompatible = True
funds = 1836808.9395905756
science = 23
reputationPercent = 46
ongoingContracts = 5
missionCurrentScore = 0
missionIsStarted = False
missionIsEnded = False
missionHistoryId = 00000000-0000-0000-0000-000000000000
missionExpansionVersion = 
saveMD5 = 04f6d049b660cff922001e540c99fc64
