vesselCount = 14
UT = 30931420.071258087
gameMode = CAREER
gameNull = False
gameCompatible = True
funds = 1907058.9393188779
science = 36
reputationPercent = 46
ongoingContracts = 4
missionCurrentScore = 0
missionIsStarted = False
missionIsEnded = False
missionHistoryId = 00000000-0000-0000-0000-000000000000
missionExpansionVersion = 
saveMD5 = 79fd7bbe57cc52da02e1f5bd1990d460
