vesselCount = 13
UT = 23418571.107155774
gameMode = CAREER
gameNull = False
gameCompatible = True
funds = 738334.80779921671
science = 18
reputationPercent = 41
ongoingContracts = 2
missionCurrentScore = 0
missionIsStarted = False
missionIsEnded = False
missionHistoryId = 00000000-0000-0000-0000-000000000000
missionExpansionVersion = 
saveMD5 = 2ef09bf5d0f0a995dbe55e8ee29c695a
