vesselCount = 15
UT = 31512044.44286257
gameMode = CAREER
gameNull = False
gameCompatible = True
funds = 1883052.1364166562
science = 38
reputationPercent = 46
ongoingContracts = 4
missionCurrentScore = 0
missionIsStarted = False
missionIsEnded = False
missionHistoryId = 00000000-0000-0000-0000-000000000000
missionExpansionVersion = 
saveMD5 = 42b2f5715e059f952d369c74ecc504dc
