vesselCount = 24
UT = 82504475.87462759
gameMode = CAREER
gameNull = False
gameCompatible = True
funds = 3600929.2085027266
science = 10
reputationPercent = 66
ongoingContracts = 2
missionCurrentScore = 0
missionIsStarted = False
missionIsEnded = False
missionHistoryId = 00000000-0000-0000-0000-000000000000
missionExpansionVersion = 
saveMD5 = 9b60b23843e1cdc5023ca729ea5a3cf5
