vesselCount = 2
UT = 314387.03446969355
gameMode = CAREER
gameNull = False
gameCompatible = True
funds = 601771.72386824084
science = 144
reputationPercent = 19
ongoingContracts = 4
missionCurrentScore = 0
missionIsStarted = False
missionIsEnded = False
missionHistoryId = 00000000-0000-0000-0000-000000000000
missionExpansionVersion = 
saveMD5 = 0c71077c3e2febc652a733c6624278ff
