vesselCount = 8
UT = 1449454.4378777302
gameMode = CAREER
gameNull = False
gameCompatible = True
funds = 246838.56617942901
science = 120
reputationPercent = 29
ongoingContracts = 5
missionCurrentScore = 0
missionIsStarted = False
missionIsEnded = False
missionHistoryId = 00000000-0000-0000-0000-000000000000
missionExpansionVersion = 
saveMD5 = 23968c5777ca25a606ea812bdb89bfd7
