vesselCount = 6
UT = 941672.1560838084
gameMode = CAREER
gameNull = False
gameCompatible = True
funds = 501304.41981407255
science = 44
reputationPercent = 24
ongoingContracts = 6
missionCurrentScore = 0
missionIsStarted = False
missionIsEnded = False
missionHistoryId = 00000000-0000-0000-0000-000000000000
missionExpansionVersion = 
saveMD5 = 8dae9d57ae2b36130d98183c128d09f2
