vesselCount = 29
UT = 156559212.55264533
gameMode = CAREER
gameNull = False
gameCompatible = True
funds = 4635575.3463150952
science = 588
reputationPercent = 70
ongoingContracts = 1
missionCurrentScore = 0
missionIsStarted = False
missionIsEnded = False
missionHistoryId = 00000000-0000-0000-0000-000000000000
missionExpansionVersion = 
saveMD5 = 493e98c506fef030d83ad2f5f8bf001b
