vesselCount = 8
UT = 1453522.3635896328
gameMode = CAREER
gameNull = False
gameCompatible = True
funds = 725131.26729920774
science = 77
reputationPercent = 33
ongoingContracts = 2
missionCurrentScore = 0
missionIsStarted = False
missionIsEnded = False
missionHistoryId = 00000000-0000-0000-0000-000000000000
missionExpansionVersion = 
saveMD5 = 61e5cba9eefce2cd44eb480fc1f3e264
