vesselCount = 15
UT = 31608264.196827993
gameMode = CAREER
gameNull = False
gameCompatible = True
funds = 2250357.827160784
science = 46
reputationPercent = 49
ongoingContracts = 3
missionCurrentScore = 0
missionIsStarted = False
missionIsEnded = False
missionHistoryId = 00000000-0000-0000-0000-000000000000
missionExpansionVersion = 
saveMD5 = 2988067c209e4ab6e5b57c1c9bf0d300
