vesselCount = 16
UT = 45910004.80794692
gameMode = CAREER
gameNull = False
gameCompatible = True
funds = 1710711.7590588224
science = 48
reputationPercent = 56
ongoingContracts = 2
missionCurrentScore = 0
missionIsStarted = False
missionIsEnded = False
missionHistoryId = 00000000-0000-0000-0000-000000000000
missionExpansionVersion = 
saveMD5 = 863116a2f17920bc774d5b175fc76476
