vesselCount = 29
UT = 155254708.54776341
gameMode = CAREER
gameNull = False
gameCompatible = True
funds = 4343331.6864935849
science = 106
reputationPercent = 70
ongoingContracts = 0
missionCurrentScore = 0
missionIsStarted = False
missionIsEnded = False
missionHistoryId = 00000000-0000-0000-0000-000000000000
missionExpansionVersion = 
saveMD5 = 6fca01901cea745bf5830beb182363f0
