vesselCount = 14
UT = 32001302.845709007
gameMode = CAREER
gameNull = False
gameCompatible = True
funds = 1012382.2657816154
science = 536
reputationPercent = 53
ongoingContracts = 3
missionCurrentScore = 0
missionIsStarted = False
missionIsEnded = False
missionHistoryId = 00000000-0000-0000-0000-000000000000
missionExpansionVersion = 
saveMD5 = 089ec35e99233c4ad9c499ae0b53738d
