vesselCount = 14
UT = 32843858.941254079
gameMode = CAREER
gameNull = False
gameCompatible = True
funds = 1363422.6053540038
science = 521
reputationPercent = 54
ongoingContracts = 3
missionCurrentScore = 0
missionIsStarted = False
missionIsEnded = False
missionHistoryId = 00000000-0000-0000-0000-000000000000
missionExpansionVersion = 
saveMD5 = 03275ad6952ebeaa2dcf5981fa57200d
