vesselCount = 31
UT = 167870732.96539727
gameMode = CAREER
gameNull = False
gameCompatible = True
funds = 5713349.6355031738
science = 619
reputationPercent = 72
ongoingContracts = 1
missionCurrentScore = 0
missionIsStarted = False
missionIsEnded = False
missionHistoryId = 00000000-0000-0000-0000-000000000000
missionExpansionVersion = 
saveMD5 = 49678a41fb7d0731f1abcbf729d4754a
