vesselCount = 31
UT = 162293840.48143822
gameMode = CAREER
gameNull = False
gameCompatible = True
funds = 5165773.4349642498
science = 2365
reputationPercent = 71
ongoingContracts = 1
missionCurrentScore = 0
missionIsStarted = False
missionIsEnded = False
missionHistoryId = 00000000-0000-0000-0000-000000000000
missionExpansionVersion = 
saveMD5 = 9bbeef85ec80dde31e00b4177167f215
