vesselCount = 17
UT = 60116366.149861597
gameMode = CAREER
gameNull = False
gameCompatible = True
funds = 5499518.3452944476
science = 180
reputationPercent = 64
ongoingContracts = 2
missionCurrentScore = 0
missionIsStarted = False
missionIsEnded = False
missionHistoryId = 00000000-0000-0000-0000-000000000000
missionExpansionVersion = 
saveMD5 = 9edb70394961fa9e94973ac944c633e0
