vesselCount = 26
UT = 129303805.1755603
gameMode = CAREER
gameNull = False
gameCompatible = True
funds = 4395623.9090707172
science = 2620
reputationPercent = 69
ongoingContracts = 2
missionCurrentScore = 0
missionIsStarted = False
missionIsEnded = False
missionHistoryId = 00000000-0000-0000-0000-000000000000
missionExpansionVersion = 
saveMD5 = 35eb004aeee52689c7f2afcc9d67a84c
