vesselCount = 26
UT = 131173421.13129331
gameMode = CAREER
gameNull = False
gameCompatible = True
funds = 4826611.3996060956
science = 1772
reputationPercent = 69
ongoingContracts = 1
missionCurrentScore = 0
missionIsStarted = False
missionIsEnded = False
missionHistoryId = 00000000-0000-0000-0000-000000000000
missionExpansionVersion = 
saveMD5 = 653f946a252f6691e0fdc361f0177699
