vesselCount = 31
UT = 167858312.35913214
gameMode = CAREER
gameNull = False
gameCompatible = True
funds = 5723038.4121936569
science = 618
reputationPercent = 72
ongoingContracts = 1
missionCurrentScore = 0
missionIsStarted = False
missionIsEnded = False
missionHistoryId = 00000000-0000-0000-0000-000000000000
missionExpansionVersion = 
saveMD5 = 57c433ccb4037ede8d3e47fbc6fde298
