vesselCount = 2
UT = 314847.39447012229
gameMode = CAREER
gameNull = False
gameCompatible = True
funds = 683296.72365366411
science = 11
reputationPercent = 19
ongoingContracts = 6
missionCurrentScore = 0
missionIsStarted = False
missionIsEnded = False
missionHistoryId = 00000000-0000-0000-0000-000000000000
missionExpansionVersion = 
saveMD5 = 6bb341257410fb40eb677bb75bffc01c
