vesselCount = 21
UT = 73032075.366584763
gameMode = CAREER
gameNull = False
gameCompatible = True
funds = 3581981.0172251682
science = 388
reputationPercent = 66
ongoingContracts = 2
missionCurrentScore = 0
missionIsStarted = False
missionIsEnded = False
missionHistoryId = 00000000-0000-0000-0000-000000000000
missionExpansionVersion = 
saveMD5 = 635ed8b7609ef286a0e46b3e0627f084
