vesselCount = 2
UT = 314604.99446989654
gameMode = CAREER
gameNull = False
gameCompatible = True
funds = 601771.72386824084
science = 144
reputationPercent = 19
ongoingContracts = 4
missionCurrentScore = 0
missionIsStarted = False
missionIsEnded = False
missionHistoryId = 00000000-0000-0000-0000-000000000000
missionExpansionVersion = 
saveMD5 = 499cae149272bebf99d54df09b34aca9
