vesselCount = 15
UT = 32077289.786512312
gameMode = CAREER
gameNull = False
gameCompatible = True
funds = 1199263.6763796075
science = 443
reputationPercent = 54
ongoingContracts = 2
missionCurrentScore = 0
missionIsStarted = False
missionIsEnded = False
missionHistoryId = 00000000-0000-0000-0000-000000000000
missionExpansionVersion = 
saveMD5 = 15778df1a4acdd88b5e3483887fbebf4
