vesselCount = 17
UT = 46624090.707432874
gameMode = CAREER
gameNull = False
gameCompatible = True
funds = 2465196.0921153189
science = 89
reputationPercent = 59
ongoingContracts = 1
missionCurrentScore = 0
missionIsStarted = False
missionIsEnded = False
missionHistoryId = 00000000-0000-0000-0000-000000000000
missionExpansionVersion = 
saveMD5 = 2339525ca07b636a7ad2c01344d8e48f
