vesselCount = 16
UT = 47712844.282858767
gameMode = CAREER
gameNull = False
gameCompatible = True
funds = 3682924.5178292925
science = 285
reputationPercent = 60
ongoingContracts = 3
missionCurrentScore = 0
missionIsStarted = False
missionIsEnded = False
missionHistoryId = 00000000-0000-0000-0000-000000000000
missionExpansionVersion = 
saveMD5 = 6d5397732b0a161f7c51605dbb1e68df
