vesselCount = 23
UT = 82209596.292804465
gameMode = CAREER
gameNull = False
gameCompatible = True
funds = 3517812.6201933841
science = 1510
reputationPercent = 66
ongoingContracts = 2
missionCurrentScore = 0
missionIsStarted = False
missionIsEnded = False
missionHistoryId = 00000000-0000-0000-0000-000000000000
missionExpansionVersion = 
saveMD5 = 6944335eb1f4ebe97cce42fccf41bbf2
