vesselCount = 29
UT = 157533230.07711637
gameMode = CAREER
gameNull = False
gameCompatible = True
funds = 5136784.4077517604
science = 1352
reputationPercent = 71
ongoingContracts = 4
missionCurrentScore = 0
missionIsStarted = False
missionIsEnded = False
missionHistoryId = 00000000-0000-0000-0000-000000000000
missionExpansionVersion = 
saveMD5 = 94fd7fc54a056f9208e5f8b52620f843
