vesselCount = 24
UT = 89089049.894695938
gameMode = CAREER
gameNull = False
gameCompatible = True
funds = 4383822.5497474372
science = 980
reputationPercent = 68
ongoingContracts = 1
missionCurrentScore = 0
missionIsStarted = False
missionIsEnded = False
missionHistoryId = 00000000-0000-0000-0000-000000000000
missionExpansionVersion = 
saveMD5 = 259f722e1ea4c9860e009740552403f5
