vesselCount = 20
UT = 71576044.651786909
gameMode = CAREER
gameNull = False
gameCompatible = True
funds = 4239037.7262308793
science = 68
reputationPercent = 62
ongoingContracts = 2
missionCurrentScore = 0
missionIsStarted = False
missionIsEnded = False
missionHistoryId = 00000000-0000-0000-0000-000000000000
missionExpansionVersion = 
saveMD5 = 87e12e7a48166ce9e9fa8e267b9e93db
