vesselCount = 27
UT = 134631743.49752358
gameMode = CAREER
gameNull = False
gameCompatible = True
funds = 4864482.1560603967
science = 771
reputationPercent = 69
ongoingContracts = 2
missionCurrentScore = 0
missionIsStarted = False
missionIsEnded = False
missionHistoryId = 00000000-0000-0000-0000-000000000000
missionExpansionVersion = 
saveMD5 = 3883091e950a8062c8c5bda902cbc9b6
