vesselCount = 14
UT = 32001301.005709048
gameMode = CAREER
gameNull = False
gameCompatible = True
funds = 1012382.2657816154
science = 536
reputationPercent = 53
ongoingContracts = 3
missionCurrentScore = 0
missionIsStarted = False
missionIsEnded = False
missionHistoryId = 00000000-0000-0000-0000-000000000000
missionExpansionVersion = 
saveMD5 = 754b5debaf4343745b46981bb8ec0045
