vesselCount = 0
UT = 17347.294245028552
gameMode = CAREER
gameNull = False
gameCompatible = True
funds = 252629.41602503258
science = 14
reputationPercent = 10
ongoingContracts = 4
missionCurrentScore = 0
missionIsStarted = False
missionIsEnded = False
missionHistoryId = 00000000-0000-0000-0000-000000000000
missionExpansionVersion = 
saveMD5 = 23b7a3154ba1aff01771915dc1efd138
