vesselCount = 16
UT = 47003335.64962399
gameMode = CAREER
gameNull = False
gameCompatible = True
funds = 3712404.1802147562
science = 142
reputationPercent = 60
ongoingContracts = 3
missionCurrentScore = 0
missionIsStarted = False
missionIsEnded = False
missionHistoryId = 00000000-0000-0000-0000-000000000000
missionExpansionVersion = 
saveMD5 = 4f3cbfaf15c575d4b7038d1507f4d234
