vesselCount = 8
UT = 1449595.7778778619
gameMode = CAREER
gameNull = False
gameCompatible = True
funds = 246745.36618820281
science = 120
reputationPercent = 29
ongoingContracts = 5
missionCurrentScore = 0
missionIsStarted = False
missionIsEnded = False
missionHistoryId = 00000000-0000-0000-0000-000000000000
missionExpansionVersion = 
saveMD5 = 3307a41ff607233ac533863edb925655
