vesselCount = 29
UT = 157548108.9996208
gameMode = CAREER
gameNull = False
gameCompatible = True
funds = 5261697.5202627014
science = 1526
reputationPercent = 71
ongoingContracts = 2
missionCurrentScore = 0
missionIsStarted = False
missionIsEnded = False
missionHistoryId = 00000000-0000-0000-0000-000000000000
missionExpansionVersion = 
saveMD5 = 2be22a7f8e129c8173599c36f1e6aeba
