vesselCount = 24
UT = 88977047.233323932
gameMode = CAREER
gameNull = False
gameCompatible = True
funds = 4198383.8869175874
science = 1953
reputationPercent = 67
ongoingContracts = 2
missionCurrentScore = 0
missionIsStarted = False
missionIsEnded = False
missionHistoryId = 00000000-0000-0000-0000-000000000000
missionExpansionVersion = 
saveMD5 = 05919d3bfc1629402620e9fdb6875887
