vesselCount = 17
UT = 60116402.389867537
gameMode = CAREER
gameNull = False
gameCompatible = True
funds = 4654518.3452944476
science = 180
reputationPercent = 64
ongoingContracts = 2
missionCurrentScore = 0
missionIsStarted = False
missionIsEnded = False
missionHistoryId = 00000000-0000-0000-0000-000000000000
missionExpansionVersion = 
saveMD5 = 333ae25846d5fcdce665fb131341d2b7
