vesselCount = 31
UT = 167537012.22033554
gameMode = CAREER
gameNull = False
gameCompatible = True
funds = 5298811.1056185467
science = 617
reputationPercent = 71
ongoingContracts = 2
missionCurrentScore = 0
missionIsStarted = False
missionIsEnded = False
missionHistoryId = 00000000-0000-0000-0000-000000000000
missionExpansionVersion = 
saveMD5 = 3d589652c70ba9a5aa890b8a6389d385
