vesselCount = 25
UT = 96483229.936107948
gameMode = CAREER
gameNull = False
gameCompatible = True
funds = 4276837.5629508644
science = 2186
reputationPercent = 68
ongoingContracts = 0
missionCurrentScore = 0
missionIsStarted = False
missionIsEnded = False
missionHistoryId = 00000000-0000-0000-0000-000000000000
missionExpansionVersion = 
saveMD5 = 7f00240249ec43d30e4d10433f262e56
