vesselCount = 16
UT = 45923270.755391531
gameMode = CAREER
gameNull = False
gameCompatible = True
funds = 1908123.1696568145
science = 50
reputationPercent = 57
ongoingContracts = 1
missionCurrentScore = 0
missionIsStarted = False
missionIsEnded = False
missionHistoryId = 00000000-0000-0000-0000-000000000000
missionExpansionVersion = 
saveMD5 = 3ea83f07276d8b6e6b540fe753c220bb
