vesselCount = 14
UT = 24566207.609471191
gameMode = CAREER
gameNull = False
gameCompatible = True
funds = 1238045.9932128631
science = 32
reputationPercent = 43
ongoingContracts = 2
missionCurrentScore = 0
missionIsStarted = False
missionIsEnded = False
missionHistoryId = 00000000-0000-0000-0000-000000000000
missionExpansionVersion = 
saveMD5 = 87820ed7baeedf56e9993a2a3deda7c6
