vesselCount = 9
UT = 17687815.950038873
gameMode = CAREER
gameNull = False
gameCompatible = True
funds = 909018.87112448784
science = 215
reputationPercent = 39
ongoingContracts = 2
missionCurrentScore = 0
missionIsStarted = False
missionIsEnded = False
missionHistoryId = 00000000-0000-0000-0000-000000000000
missionExpansionVersion = 
saveMD5 = 3a8c9b1b9eb83c397acccc1821e55969
