vesselCount = 24
UT = 86813783.231450215
gameMode = CAREER
gameNull = False
gameCompatible = True
funds = 3832678.3629245325
science = 1214
reputationPercent = 66
ongoingContracts = 2
missionCurrentScore = 0
missionIsStarted = False
missionIsEnded = False
missionHistoryId = 00000000-0000-0000-0000-000000000000
missionExpansionVersion = 
saveMD5 = 2b2ab8cc1089f445561536237bd90cb4
