vesselCount = 8
UT = 1460055.1727354275
gameMode = CAREER
gameNull = False
gameCompatible = True
funds = 722782.05451444059
science = 80
reputationPercent = 33
ongoingContracts = 2
missionCurrentScore = 0
missionIsStarted = False
missionIsEnded = False
missionHistoryId = 00000000-0000-0000-0000-000000000000
missionExpansionVersion = 
saveMD5 = 4cafb923ff31675c66c5f17ca2cbf9d1
