vesselCount = 24
UT = 89082385.230656952
gameMode = CAREER
gameNull = False
gameCompatible = True
funds = 4416259.1552061737
science = 1262
reputationPercent = 68
ongoingContracts = 1
missionCurrentScore = 0
missionIsStarted = False
missionIsEnded = False
missionHistoryId = 00000000-0000-0000-0000-000000000000
missionExpansionVersion = 
saveMD5 = 01a6a875bd5a6bfc85c054602c6592e6
