vesselCount = 26
UT = 96493171.118787736
gameMode = CAREER
gameNull = False
gameCompatible = True
funds = 4186564.4731071144
science = 2186
reputationPercent = 68
ongoingContracts = 0
missionCurrentScore = 0
missionIsStarted = False
missionIsEnded = False
missionHistoryId = 00000000-0000-0000-0000-000000000000
missionExpansionVersion = 
saveMD5 = 352933d06373f6db2ea85908a711b4d4
