vesselCount = 28
UT = 134885695.39808297
gameMode = CAREER
gameNull = False
gameCompatible = True
funds = 4712511.2866067477
science = 773
reputationPercent = 69
ongoingContracts = 1
missionCurrentScore = 0
missionIsStarted = False
missionIsEnded = False
missionHistoryId = 00000000-0000-0000-0000-000000000000
missionExpansionVersion = 
saveMD5 = 398da2065f8444f2b9a86696945165e4
