vesselCount = 24
UT = 86911165.650103614
gameMode = CAREER
gameNull = False
gameCompatible = True
funds = 3948198.3629245325
science = 1220
reputationPercent = 66
ongoingContracts = 2
missionCurrentScore = 0
missionIsStarted = False
missionIsEnded = False
missionHistoryId = 00000000-0000-0000-0000-000000000000
missionExpansionVersion = 
saveMD5 = 40ccecc1a0f0351612f75ac77698ca4e
