vesselCount = 16
UT = 47711275.66260165
gameMode = CAREER
gameNull = False
gameCompatible = True
funds = 3633837.0200585062
science = 212
reputationPercent = 60
ongoingContracts = 4
missionCurrentScore = 0
missionIsStarted = False
missionIsEnded = False
missionHistoryId = 00000000-0000-0000-0000-000000000000
missionExpansionVersion = 
saveMD5 = 4321c2d2c8e2b1bcf1760cee251ab6e5
