vesselCount = 20
UT = 72081399.36575903
gameMode = CAREER
gameNull = False
gameCompatible = True
funds = 3619033.9784809547
science = 751
reputationPercent = 64
ongoingContracts = 3
missionCurrentScore = 0
missionIsStarted = False
missionIsEnded = False
missionHistoryId = 00000000-0000-0000-0000-000000000000
missionExpansionVersion = 
saveMD5 = 2cfb3f57a34fe4b9261d894ce0e56bf4
