vesselCount = 15
UT = 46888608.359027632
gameMode = CAREER
gameNull = False
gameCompatible = True
funds = 3800421.5456524543
science = 108
reputationPercent = 60
ongoingContracts = 3
missionCurrentScore = 0
missionIsStarted = False
missionIsEnded = False
missionHistoryId = 00000000-0000-0000-0000-000000000000
missionExpansionVersion = 
saveMD5 = 142319a69f48772722ea6ffbc3855e32
