vesselCount = 19
UT = 72091821.085542485
gameMode = CAREER
gameNull = False
gameCompatible = True
funds = 3504105.6780504184
science = 274
reputationPercent = 64
ongoingContracts = 2
missionCurrentScore = 0
missionIsStarted = False
missionIsEnded = False
missionHistoryId = 00000000-0000-0000-0000-000000000000
missionExpansionVersion = 
saveMD5 = 90ba2d55c9d0d004cc6a1123fe4017e5
