vesselCount = 0
UT = 2960.153850096624
gameMode = CAREER
gameNull = False
gameCompatible = True
funds = 216370.80079936978
science = 43
reputationPercent = 6
ongoingContracts = 3
missionCurrentScore = 0
missionIsStarted = False
missionIsEnded = False
missionHistoryId = 00000000-0000-0000-0000-000000000000
missionExpansionVersion = 
saveMD5 = 9c79db83e4662466e6db0da08908d605
