vesselCount = 20
UT = 65176737.253187686
gameMode = CAREER
gameNull = False
gameCompatible = True
funds = 4277106.5234446246
science = 68
reputationPercent = 64
ongoingContracts = 3
missionCurrentScore = 0
missionIsStarted = False
missionIsEnded = False
missionHistoryId = 00000000-0000-0000-0000-000000000000
missionExpansionVersion = 
saveMD5 = 4fe3aeaee2eaca61d6f2ce41777c720f
