vesselCount = 31
UT = 167858449.81920588
gameMode = CAREER
gameNull = False
gameCompatible = True
funds = 5723038.4121936569
science = 618
reputationPercent = 72
ongoingContracts = 1
missionCurrentScore = 0
missionIsStarted = False
missionIsEnded = False
missionHistoryId = 00000000-0000-0000-0000-000000000000
missionExpansionVersion = 
saveMD5 = 2a8528e9ec828093694f632968a78332
