vesselCount = 14
UT = 26945923.978286065
gameMode = CAREER
gameNull = False
gameCompatible = True
funds = 1743556.586593213
science = 30
reputationPercent = 46
ongoingContracts = 3
missionCurrentScore = 0
missionIsStarted = False
missionIsEnded = False
missionHistoryId = 00000000-0000-0000-0000-000000000000
missionExpansionVersion = 
saveMD5 = 126083123e7469b5a28692dfcd0cb90b
