vesselCount = 9
UT = 2677369.4043044532
gameMode = CAREER
gameNull = False
gameCompatible = True
funds = 898215.65173075756
science = 115
reputationPercent = 36
ongoingContracts = 2
missionCurrentScore = 0
missionIsStarted = False
missionIsEnded = False
missionHistoryId = 00000000-0000-0000-0000-000000000000
missionExpansionVersion = 
saveMD5 = 68a3eeb1527bd805918a29db944ff763
