vesselCount = 24
UT = 83481582.551874623
gameMode = CAREER
gameNull = False
gameCompatible = True
funds = 3756178.3629245325
science = 310
reputationPercent = 66
ongoingContracts = 1
missionCurrentScore = 0
missionIsStarted = False
missionIsEnded = False
missionHistoryId = 00000000-0000-0000-0000-000000000000
missionExpansionVersion = 
saveMD5 = 8f47e1f4adfceadc552b4e26bc49e3b8
