vesselCount = 25
UT = 82500125.32614103
gameMode = CAREER
gameNull = False
gameCompatible = True
funds = 3600929.2085027266
science = 10
reputationPercent = 66
ongoingContracts = 2
missionCurrentScore = 0
missionIsStarted = False
missionIsEnded = False
missionHistoryId = 00000000-0000-0000-0000-000000000000
missionExpansionVersion = 
saveMD5 = 502505ad8afd76e9884fe82fb6ef6637
