vesselCount = 20
UT = 65172917.163745418
gameMode = CAREER
gameNull = False
gameCompatible = True
funds = 4341079.4995913226
science = 20
reputationPercent = 64
ongoingContracts = 3
missionCurrentScore = 0
missionIsStarted = False
missionIsEnded = False
missionHistoryId = 00000000-0000-0000-0000-000000000000
missionExpansionVersion = 
saveMD5 = 7cc967468395eae1a852a72f07f75b1e
