vesselCount = 29
UT = 156563892.26294473
gameMode = CAREER
gameNull = False
gameCompatible = True
funds = 4589542.8033463452
science = 588
reputationPercent = 70
ongoingContracts = 1
missionCurrentScore = 0
missionIsStarted = False
missionIsEnded = False
missionHistoryId = 00000000-0000-0000-0000-000000000000
missionExpansionVersion = 
saveMD5 = 989d8f3e9c7501b54ab93221f983d176
