vesselCount = 0
UT = 1882.4402709954429
gameMode = CAREER
gameNull = False
gameCompatible = True
funds = 214340.49585342404
science = 18
reputationPercent = 6
ongoingContracts = 3
missionCurrentScore = 0
missionIsStarted = False
missionIsEnded = False
missionHistoryId = 00000000-0000-0000-0000-000000000000
missionExpansionVersion = 
saveMD5 = 158a2fd4303c623e15d448571c493a54
