vesselCount = 19
UT = 72438807.392227337
gameMode = CAREER
gameNull = False
gameCompatible = True
funds = 3674675.086205367
science = 380
reputationPercent = 64
ongoingContracts = 2
missionCurrentScore = 0
missionIsStarted = False
missionIsEnded = False
missionHistoryId = 00000000-0000-0000-0000-000000000000
missionExpansionVersion = 
saveMD5 = 560857b194b0ddaac62fdd99255f2f04
