vesselCount = 21
UT = 73032051.166589811
gameMode = CAREER
gameNull = False
gameCompatible = True
funds = 3570531.0176543216
science = 687
reputationPercent = 66
ongoingContracts = 2
missionCurrentScore = 0
missionIsStarted = False
missionIsEnded = False
missionHistoryId = 00000000-0000-0000-0000-000000000000
missionExpansionVersion = 
saveMD5 = 7dd72b6032efc645105ac3e6cf04ac36
