vesselCount = 26
UT = 115760294.68770096
gameMode = CAREER
gameNull = False
gameCompatible = True
funds = 4257498.9090707172
science = 2441
reputationPercent = 69
ongoingContracts = 0
missionCurrentScore = 0
missionIsStarted = False
missionIsEnded = False
missionHistoryId = 00000000-0000-0000-0000-000000000000
missionExpansionVersion = 
saveMD5 = 13281d733685e83cf5272aaae562b29a
