vesselCount = 20
UT = 72993410.381019995
gameMode = CAREER
gameNull = False
gameCompatible = True
funds = 3621025.8548011086
science = 779
reputationPercent = 65
ongoingContracts = 2
missionCurrentScore = 0
missionIsStarted = False
missionIsEnded = False
missionHistoryId = 00000000-0000-0000-0000-000000000000
missionExpansionVersion = 
saveMD5 = 7f258497ee936960e3e77f788978c949
