vesselCount = 16
UT = 45880143.858295977
gameMode = CAREER
gameNull = False
gameCompatible = True
funds = 1709632.7514608991
science = 47
reputationPercent = 56
ongoingContracts = 2
missionCurrentScore = 0
missionIsStarted = False
missionIsEnded = False
missionHistoryId = 00000000-0000-0000-0000-000000000000
missionExpansionVersion = 
saveMD5 = 4fc0aa85bf1045a36e53b86f54a90c4d
