vesselCount = 21
UT = 73030402.958799571
gameMode = CAREER
gameNull = False
gameCompatible = True
funds = 3428296.5816907189
science = 598
reputationPercent = 66
ongoingContracts = 2
missionCurrentScore = 0
missionIsStarted = False
missionIsEnded = False
missionHistoryId = 00000000-0000-0000-0000-000000000000
missionExpansionVersion = 
saveMD5 = 2d6ef67ea4192b9250f35d0d0611bcca
