vesselCount = 27
UT = 134617558.63209507
gameMode = CAREER
gameNull = False
gameCompatible = True
funds = 4890596.3405391565
science = 2642
reputationPercent = 69
ongoingContracts = 2
missionCurrentScore = 0
missionIsStarted = False
missionIsEnded = False
missionHistoryId = 00000000-0000-0000-0000-000000000000
missionExpansionVersion = 
saveMD5 = 81dd3563bd4c9ac6d97a0f727d94314e
