vesselCount = 17
UT = 60110502.240171529
gameMode = CAREER
gameNull = False
gameCompatible = True
funds = 5553876.2022890765
science = 1137
reputationPercent = 64
ongoingContracts = 2
missionCurrentScore = 0
missionIsStarted = False
missionIsEnded = False
missionHistoryId = 00000000-0000-0000-0000-000000000000
missionExpansionVersion = 
saveMD5 = 4d49b55c26e238b8c4d496a58ee8669b
