vesselCount = 20
UT = 72766736.460363537
gameMode = CAREER
gameNull = False
gameCompatible = True
funds = 3621025.8548011086
science = 380
reputationPercent = 65
ongoingContracts = 2
missionCurrentScore = 0
missionIsStarted = False
missionIsEnded = False
missionHistoryId = 00000000-0000-0000-0000-000000000000
missionExpansionVersion = 
saveMD5 = 6d837c93c4adab4051a0667f95024528
