vesselCount = 22
UT = 80977961.973398373
gameMode = CAREER
gameNull = False
gameCompatible = True
funds = 3494409.0047892551
science = 428
reputationPercent = 66
ongoingContracts = 2
missionCurrentScore = 0
missionIsStarted = False
missionIsEnded = False
missionHistoryId = 00000000-0000-0000-0000-000000000000
missionExpansionVersion = 
saveMD5 = 69c8cc6df540335da56e5710049bc7e1
