vesselCount = 25
UT = 89088159.171441659
gameMode = CAREER
gameNull = False
gameCompatible = True
funds = 4379887.7340101898
science = 971
reputationPercent = 68
ongoingContracts = 1
missionCurrentScore = 0
missionIsStarted = False
missionIsEnded = False
missionHistoryId = 00000000-0000-0000-0000-000000000000
missionExpansionVersion = 
saveMD5 = 8f34c32117f439e601c57529793fb435
