vesselCount = 24
UT = 86448901.469846249
gameMode = CAREER
gameNull = False
gameCompatible = True
funds = 3832678.3629245325
science = 1214
reputationPercent = 66
ongoingContracts = 2
missionCurrentScore = 0
missionIsStarted = False
missionIsEnded = False
missionHistoryId = 00000000-0000-0000-0000-000000000000
missionExpansionVersion = 
saveMD5 = 8c4787828cc2b835cdbc8889ffc6bfc1
