vesselCount = 13
UT = 25177565.98544091
gameMode = CAREER
gameNull = False
gameCompatible = True
funds = 1268847.1894571029
science = 140
reputationPercent = 44
ongoingContracts = 2
missionCurrentScore = 0
missionIsStarted = False
missionIsEnded = False
missionHistoryId = 00000000-0000-0000-0000-000000000000
missionExpansionVersion = 
saveMD5 = 3206705995f1f6ceb5265df9504e0162
