vesselCount = 17
UT = 46561443.600587279
gameMode = CAREER
gameNull = False
gameCompatible = True
funds = 2465196.0921153189
science = 89
reputationPercent = 59
ongoingContracts = 1
missionCurrentScore = 0
missionIsStarted = False
missionIsEnded = False
missionHistoryId = 00000000-0000-0000-0000-000000000000
missionExpansionVersion = 
saveMD5 = 97a24fce3fbb11b40b536df53f55ad05
