vesselCount = 6
UT = 889879.05678830319
gameMode = CAREER
gameNull = False
gameCompatible = True
funds = 327300.652939183
science = 70
reputationPercent = 22
ongoingContracts = 6
missionCurrentScore = 0
missionIsStarted = False
missionIsEnded = False
missionHistoryId = 00000000-0000-0000-0000-000000000000
missionExpansionVersion = 
saveMD5 = 2dadfab21e3b291474843651ed4859b5
