vesselCount = 15
UT = 46955682.655462921
gameMode = CAREER
gameNull = False
gameCompatible = True
funds = 3756070.2622460062
science = 141
reputationPercent = 60
ongoingContracts = 3
missionCurrentScore = 0
missionIsStarted = False
missionIsEnded = False
missionHistoryId = 00000000-0000-0000-0000-000000000000
missionExpansionVersion = 
saveMD5 = 5d561129f23caeaa85681bf4818f76b6
