vesselCount = 15
UT = 46955537.935439199
gameMode = CAREER
gameNull = False
gameCompatible = True
funds = 3756070.2622460062
science = 141
reputationPercent = 60
ongoingContracts = 3
missionCurrentScore = 0
missionIsStarted = False
missionIsEnded = False
missionHistoryId = 00000000-0000-0000-0000-000000000000
missionExpansionVersion = 
saveMD5 = 66b81b5f3d7e1174efe4bb1a825ead50
