vesselCount = 9
UT = 2674975.9066285384
gameMode = CAREER
gameNull = False
gameCompatible = True
funds = 872951.76408913999
science = 112
reputationPercent = 35
ongoingContracts = 2
missionCurrentScore = 0
missionIsStarted = False
missionIsEnded = False
missionHistoryId = 00000000-0000-0000-0000-000000000000
missionExpansionVersion = 
saveMD5 = 8e8e8c4f10c9c89bfe5dfc2ae49dd9e3
