vesselCount = 9
UT = 17686704.696488943
gameMode = CAREER
gameNull = False
gameCompatible = True
funds = 910844.0303499517
science = 189
reputationPercent = 39
ongoingContracts = 2
missionCurrentScore = 0
missionIsStarted = False
missionIsEnded = False
missionHistoryId = 00000000-0000-0000-0000-000000000000
missionExpansionVersion = 
saveMD5 = 849f2e183a9e4e76e8092ae5111913d6
