vesselCount = 13
UT = 32847442.354576651
gameMode = CAREER
gameNull = False
gameCompatible = True
funds = 1416568.50522583
science = 234
reputationPercent = 55
ongoingContracts = 2
missionCurrentScore = 0
missionIsStarted = False
missionIsEnded = False
missionHistoryId = 00000000-0000-0000-0000-000000000000
missionExpansionVersion = 
saveMD5 = 31d52de0af2bc595e292a90b8505376c
