vesselCount = 14
UT = 32845844.121587999
gameMode = CAREER
gameNull = False
gameCompatible = True
funds = 1363422.6053540038
science = 221
reputationPercent = 54
ongoingContracts = 3
missionCurrentScore = 0
missionIsStarted = False
missionIsEnded = False
missionHistoryId = 00000000-0000-0000-0000-000000000000
missionExpansionVersion = 
saveMD5 = 239d9901972cf4e6263c2544ba6507fa
