vesselCount = 24
UT = 83481608.751869157
gameMode = CAREER
gameNull = False
gameCompatible = True
funds = 3756178.3629245325
science = 310
reputationPercent = 66
ongoingContracts = 1
missionCurrentScore = 0
missionIsStarted = False
missionIsEnded = False
missionHistoryId = 00000000-0000-0000-0000-000000000000
missionExpansionVersion = 
saveMD5 = 7c4ec36f74d5528c97cfd00a5f1e4101
