vesselCount = 27
UT = 96484827.599597111
gameMode = CAREER
gameNull = False
gameCompatible = True
funds = 4186564.4731071144
science = 2186
reputationPercent = 68
ongoingContracts = 0
missionCurrentScore = 0
missionIsStarted = False
missionIsEnded = False
missionHistoryId = 00000000-0000-0000-0000-000000000000
missionExpansionVersion = 
saveMD5 = 3e81d3c698de664e6fbb2e85da144567
