vesselCount = 15
UT = 33140730.050055623
gameMode = CAREER
gameNull = False
gameCompatible = True
funds = 1321078.50913208
science = 234
reputationPercent = 55
ongoingContracts = 2
missionCurrentScore = 0
missionIsStarted = False
missionIsEnded = False
missionHistoryId = 00000000-0000-0000-0000-000000000000
missionExpansionVersion = 
saveMD5 = 0da0b3bb370a494c821c10975b594b74
