vesselCount = 21
UT = 73032165.766565904
gameMode = CAREER
gameNull = False
gameCompatible = True
funds = 3581189.8172892551
science = 406
reputationPercent = 66
ongoingContracts = 2
missionCurrentScore = 0
missionIsStarted = False
missionIsEnded = False
missionHistoryId = 00000000-0000-0000-0000-000000000000
missionExpansionVersion = 
saveMD5 = 2f1cddf88530de8cb4f264c1ff554a94
