vesselCount = 19
UT = 72438803.832228079
gameMode = CAREER
gameNull = False
gameCompatible = True
funds = 3674675.086205367
science = 680
reputationPercent = 64
ongoingContracts = 2
missionCurrentScore = 0
missionIsStarted = False
missionIsEnded = False
missionHistoryId = 00000000-0000-0000-0000-000000000000
missionExpansionVersion = 
saveMD5 = 0826dc8ffe89427a9b30f3ffad2340b3
