vesselCount = 29
UT = 134924196.47116715
gameMode = CAREER
gameNull = False
gameCompatible = True
funds = 4038010.1577338763
science = 101
reputationPercent = 69
ongoingContracts = 2
missionCurrentScore = 0
missionIsStarted = False
missionIsEnded = False
missionHistoryId = 00000000-0000-0000-0000-000000000000
missionExpansionVersion = 
saveMD5 = 4d64d79f70d4f5047230fac2b1232fa7
