vesselCount = 16
UT = 47709401.110090517
gameMode = CAREER
gameNull = False
gameCompatible = True
funds = 3633837.0200585062
science = 142
reputationPercent = 60
ongoingContracts = 4
missionCurrentScore = 0
missionIsStarted = False
missionIsEnded = False
missionHistoryId = 00000000-0000-0000-0000-000000000000
missionExpansionVersion = 
saveMD5 = 4cdcc3a9b4cf8efa5172a87b9f6b8d60
