vesselCount = 26
UT = 131173383.89130108
gameMode = CAREER
gameNull = False
gameCompatible = True
funds = 4693786.4056380857
science = 1760
reputationPercent = 69
ongoingContracts = 2
missionCurrentScore = 0
missionIsStarted = False
missionIsEnded = False
missionHistoryId = 00000000-0000-0000-0000-000000000000
missionExpansionVersion = 
saveMD5 = 8addae7fd99066ed56939067408c74f8
