vesselCount = 17
UT = 47005287.008834869
gameMode = CAREER
gameNull = False
gameCompatible = True
funds = 3666638.1020897562
science = 142
reputationPercent = 60
ongoingContracts = 3
missionCurrentScore = 0
missionIsStarted = False
missionIsEnded = False
missionHistoryId = 00000000-0000-0000-0000-000000000000
missionExpansionVersion = 
saveMD5 = 458cfa7c85b6c8c5e403543379734fdc
