vesselCount = 29
UT = 134916845.13593921
gameMode = CAREER
gameNull = False
gameCompatible = True
funds = 4146277.0639838763
science = 101
reputationPercent = 69
ongoingContracts = 2
missionCurrentScore = 0
missionIsStarted = False
missionIsEnded = False
missionHistoryId = 00000000-0000-0000-0000-000000000000
missionExpansionVersion = 
saveMD5 = 112f82ce4d3d84d4bfa74f9e3d07889f
