vesselCount = 9
UT = 17686606.896491129
gameMode = CAREER
gameNull = False
gameCompatible = True
funds = 1166494.0303499517
science = 186
reputationPercent = 39
ongoingContracts = 2
missionCurrentScore = 0
missionIsStarted = False
missionIsEnded = False
missionHistoryId = 00000000-0000-0000-0000-000000000000
missionExpansionVersion = 
saveMD5 = 8f40592c615a967856320efc4596e724
