vesselCount = 16
UT = 47709616.413721003
gameMode = CAREER
gameNull = False
gameCompatible = True
funds = 3633837.0200585062
science = 142
reputationPercent = 60
ongoingContracts = 4
missionCurrentScore = 0
missionIsStarted = False
missionIsEnded = False
missionHistoryId = 00000000-0000-0000-0000-000000000000
missionExpansionVersion = 
saveMD5 = 8d711c47d7545a3c31b12bb774264b69
