vesselCount = 25
UT = 89088960.554714575
gameMode = CAREER
gameNull = False
gameCompatible = True
funds = 4379887.7340101898
science = 980
reputationPercent = 68
ongoingContracts = 1
missionCurrentScore = 0
missionIsStarted = False
missionIsEnded = False
missionHistoryId = 00000000-0000-0000-0000-000000000000
missionExpansionVersion = 
saveMD5 = 81aa065cff38f07a26dcf7ee1d930654
