vesselCount = 8
UT = 1451847.4541435121
gameMode = CAREER
gameNull = False
gameCompatible = True
funds = 602622.71610782703
science = 45
reputationPercent = 31
ongoingContracts = 3
missionCurrentScore = 0
missionIsStarted = False
missionIsEnded = False
missionHistoryId = 00000000-0000-0000-0000-000000000000
missionExpansionVersion = 
saveMD5 = 1e420385db30a0583392f9a18f5b249c
