vesselCount = 25
UT = 89087941.260756969
gameMode = CAREER
gameNull = False
gameCompatible = True
funds = 4379887.7340101898
science = 971
reputationPercent = 68
ongoingContracts = 1
missionCurrentScore = 0
missionIsStarted = False
missionIsEnded = False
missionHistoryId = 00000000-0000-0000-0000-000000000000
missionExpansionVersion = 
saveMD5 = 1781674045184d3dc54aa16c3e6673ae
