vesselCount = 22
UT = 80977973.233396024
gameMode = CAREER
gameNull = False
gameCompatible = True
funds = 3509709.0047892551
science = 428
reputationPercent = 66
ongoingContracts = 3
missionCurrentScore = 0
missionIsStarted = False
missionIsEnded = False
missionHistoryId = 00000000-0000-0000-0000-000000000000
missionExpansionVersion = 
saveMD5 = 00355ab235838267b18f4050901f7ae8
