vesselCount = 17
UT = 47107484.742216647
gameMode = CAREER
gameNull = False
gameCompatible = True
funds = 3663958.1020897562
science = 142
reputationPercent = 60
ongoingContracts = 3
missionCurrentScore = 0
missionIsStarted = False
missionIsEnded = False
missionHistoryId = 00000000-0000-0000-0000-000000000000
missionExpansionVersion = 
saveMD5 = 5d315489bdc2d9a5945dfa3b90be534f
