vesselCount = 14
UT = 32847401.534577563
gameMode = CAREER
gameNull = False
gameCompatible = True
funds = 1410000.2053906249
science = 234
reputationPercent = 55
ongoingContracts = 2
missionCurrentScore = 0
missionIsStarted = False
missionIsEnded = False
missionHistoryId = 00000000-0000-0000-0000-000000000000
missionExpansionVersion = 
saveMD5 = 537c8e7f8fea4ca07074ea6240f02619
