vesselCount = 13
UT = 24007865.823402476
gameMode = CAREER
gameNull = False
gameCompatible = True
funds = 1165187.9951659881
science = 27
reputationPercent = 43
ongoingContracts = 3
missionCurrentScore = 0
missionIsStarted = False
missionIsEnded = False
missionHistoryId = 00000000-0000-0000-0000-000000000000
missionExpansionVersion = 
saveMD5 = 4d92f71cd5666a17c215d359f2500098
