vesselCount = 0
UT = 3012.4138500965764
gameMode = CAREER
gameNull = False
gameCompatible = True
funds = 216370.80079936978
science = 43
reputationPercent = 6
ongoingContracts = 3
missionCurrentScore = 0
missionIsStarted = False
missionIsEnded = False
missionHistoryId = 00000000-0000-0000-0000-000000000000
missionExpansionVersion = 
saveMD5 = 8ef77e0415baea288a02b1f9cec5334c
