vesselCount = 8
UT = 1501622.7955234016
gameMode = CAREER
gameNull = False
gameCompatible = True
funds = 740382.05451444059
science = 85
reputationPercent = 34
ongoingContracts = 2
missionCurrentScore = 0
missionIsStarted = False
missionIsEnded = False
missionHistoryId = 00000000-0000-0000-0000-000000000000
missionExpansionVersion = 
saveMD5 = 02673993d95e7d2104bea46c671ec33d
