vesselCount = 14
UT = 32842865.295095045
gameMode = CAREER
gameNull = False
gameCompatible = True
funds = 1363422.6053540038
science = 451
reputationPercent = 54
ongoingContracts = 3
missionCurrentScore = 0
missionIsStarted = False
missionIsEnded = False
missionHistoryId = 00000000-0000-0000-0000-000000000000
missionExpansionVersion = 
saveMD5 = 684c5c754d755543857caee3052f9312
