vesselCount = 17
UT = 46413224.961108647
gameMode = CAREER
gameNull = False
gameCompatible = True
funds = 2279572.8465656401
science = 81
reputationPercent = 58
ongoingContracts = 2
missionCurrentScore = 0
missionIsStarted = False
missionIsEnded = False
missionHistoryId = 00000000-0000-0000-0000-000000000000
missionExpansionVersion = 
saveMD5 = 8b5a54a66025d69aaa538f9193fbd030
