vesselCount = 16
UT = 47711188.382587343
gameMode = CAREER
gameNull = False
gameCompatible = True
funds = 3633837.0200585062
science = 142
reputationPercent = 60
ongoingContracts = 4
missionCurrentScore = 0
missionIsStarted = False
missionIsEnded = False
missionHistoryId = 00000000-0000-0000-0000-000000000000
missionExpansionVersion = 
saveMD5 = 1189c2f3e116f50837894b278e4e67e5
