vesselCount = 32
UT = 167538785.22478586
gameMode = CAREER
gameNull = False
gameCompatible = True
funds = 5377738.3565295944
science = 617
reputationPercent = 71
ongoingContracts = 3
missionCurrentScore = 0
missionIsStarted = False
missionIsEnded = False
missionHistoryId = 00000000-0000-0000-0000-000000000000
missionExpansionVersion = 
saveMD5 = 4b29d0494d3611a8243b93088d661c52
