vesselCount = 20
UT = 72090719.567963988
gameMode = CAREER
gameNull = False
gameCompatible = True
funds = 3601590.0175434547
science = 271
reputationPercent = 64
ongoingContracts = 3
missionCurrentScore = 0
missionIsStarted = False
missionIsEnded = False
missionHistoryId = 00000000-0000-0000-0000-000000000000
missionExpansionVersion = 
saveMD5 = 65c5ea2bc8cf0af5cc3f304752bd94d9
