vesselCount = 29
UT = 157549711.08147299
gameMode = CAREER
gameNull = False
gameCompatible = True
funds = 5261697.5202627014
science = 1526
reputationPercent = 71
ongoingContracts = 2
missionCurrentScore = 0
missionIsStarted = False
missionIsEnded = False
missionHistoryId = 00000000-0000-0000-0000-000000000000
missionExpansionVersion = 
saveMD5 = 435ff02864a9f05c7e8cd72188415b4a
