vesselCount = 29
UT = 155254411.24760392
gameMode = CAREER
gameNull = False
gameCompatible = True
funds = 4190439.3624082645
science = 104
reputationPercent = 70
ongoingContracts = 1
missionCurrentScore = 0
missionIsStarted = False
missionIsEnded = False
missionHistoryId = 00000000-0000-0000-0000-000000000000
missionExpansionVersion = 
saveMD5 = 9b66eb29749aabea8d952482b5d87177
