vesselCount = 27
UT = 134648404.83468929
gameMode = CAREER
gameNull = False
gameCompatible = True
funds = 4864482.1560603967
science = 771
reputationPercent = 69
ongoingContracts = 2
missionCurrentScore = 0
missionIsStarted = False
missionIsEnded = False
missionHistoryId = 00000000-0000-0000-0000-000000000000
missionExpansionVersion = 
saveMD5 = 37cbd0f537f8d50bb95c39c22315d261
