vesselCount = 28
UT = 134890285.32217199
gameMode = CAREER
gameNull = False
gameCompatible = True
funds = 4712511.2866067477
science = 773
reputationPercent = 69
ongoingContracts = 1
missionCurrentScore = 0
missionIsStarted = False
missionIsEnded = False
missionHistoryId = 00000000-0000-0000-0000-000000000000
missionExpansionVersion = 
saveMD5 = 352caf4eec2962f80f46f918422385e1
