vesselCount = 17
UT = 60116420.309870474
gameMode = CAREER
gameNull = False
gameCompatible = True
funds = 4372518.3452944476
science = 180
reputationPercent = 64
ongoingContracts = 2
missionCurrentScore = 0
missionIsStarted = False
missionIsEnded = False
missionHistoryId = 00000000-0000-0000-0000-000000000000
missionExpansionVersion = 
saveMD5 = 1788a29b46802d66b14ea6710648d6b2
