vesselCount = 2
UT = 314635.91446992534
gameMode = CAREER
gameNull = False
gameCompatible = True
funds = 601771.72386824084
science = 9
reputationPercent = 19
ongoingContracts = 4
missionCurrentScore = 0
missionIsStarted = False
missionIsEnded = False
missionHistoryId = 00000000-0000-0000-0000-000000000000
missionExpansionVersion = 
saveMD5 = 8672d7fc347542ff7c4d145c4717b7fd
