vesselCount = 26
UT = 96493106.278801262
gameMode = CAREER
gameNull = False
gameCompatible = True
funds = 4186564.4731071144
science = 2186
reputationPercent = 68
ongoingContracts = 0
missionCurrentScore = 0
missionIsStarted = False
missionIsEnded = False
missionHistoryId = 00000000-0000-0000-0000-000000000000
missionExpansionVersion = 
saveMD5 = 544ac10801b48ed325b53593842eeda0
