vesselCount = 29
UT = 156559129.35260069
gameMode = CAREER
gameNull = False
gameCompatible = True
funds = 4635575.3463150952
science = 588
reputationPercent = 70
ongoingContracts = 1
missionCurrentScore = 0
missionIsStarted = False
missionIsEnded = False
missionHistoryId = 00000000-0000-0000-0000-000000000000
missionExpansionVersion = 
saveMD5 = 92506bd7994ea304850d67be7b81386a
