vesselCount = 7
UT = 1445473.2052496031
gameMode = CAREER
gameNull = False
gameCompatible = True
funds = 223065.91764207929
science = 115
reputationPercent = 26
ongoingContracts = 7
missionCurrentScore = 0
missionIsStarted = False
missionIsEnded = False
missionHistoryId = 00000000-0000-0000-0000-000000000000
missionExpansionVersion = 
saveMD5 = 51b3e478cf9b6da258eca0d4bb6fd1f7
