vesselCount = 26
UT = 131173380.63130176
gameMode = CAREER
gameNull = False
gameCompatible = True
funds = 4693786.4056380857
science = 3760
reputationPercent = 69
ongoingContracts = 2
missionCurrentScore = 0
missionIsStarted = False
missionIsEnded = False
missionHistoryId = 00000000-0000-0000-0000-000000000000
missionExpansionVersion = 
saveMD5 = 689bd20824cbc7c7b63b1912b2395ca6
