vesselCount = 15
UT = 32002352.051667333
gameMode = CAREER
gameNull = False
gameCompatible = True
funds = 986252.2657816154
science = 376
reputationPercent = 53
ongoingContracts = 3
missionCurrentScore = 0
missionIsStarted = False
missionIsEnded = False
missionHistoryId = 00000000-0000-0000-0000-000000000000
missionExpansionVersion = 
saveMD5 = 11ae3fc758f09dcae7da285e3242a123
