vesselCount = 16
UT = 47710632.184592441
gameMode = CAREER
gameNull = False
gameCompatible = True
funds = 3633837.0200585062
science = 142
reputationPercent = 60
ongoingContracts = 4
missionCurrentScore = 0
missionIsStarted = False
missionIsEnded = False
missionHistoryId = 00000000-0000-0000-0000-000000000000
missionExpansionVersion = 
saveMD5 = 365da5ce6f3d139a42aef4795b40a880
