vesselCount = 20
UT = 71760192.887335554
gameMode = CAREER
gameNull = False
gameCompatible = True
funds = 4552015.2300008731
science = 505
reputationPercent = 63
ongoingContracts = 1
missionCurrentScore = 0
missionIsStarted = False
missionIsEnded = False
missionHistoryId = 00000000-0000-0000-0000-000000000000
missionExpansionVersion = 
saveMD5 = 600521aaae140ac188d4da574937b57d
