vesselCount = 20
UT = 71795362.25596796
gameMode = CAREER
gameNull = False
gameCompatible = True
funds = 3496315.2300008731
science = 751
reputationPercent = 64
ongoingContracts = 1
missionCurrentScore = 0
missionIsStarted = False
missionIsEnded = False
missionHistoryId = 00000000-0000-0000-0000-000000000000
missionExpansionVersion = 
saveMD5 = 5a771db348a7683e24daccf476738169
