vesselCount = 8
UT = 1501493.6955232813
gameMode = CAREER
gameNull = False
gameCompatible = True
funds = 740382.05451444059
science = 85
reputationPercent = 34
ongoingContracts = 2
missionCurrentScore = 0
missionIsStarted = False
missionIsEnded = False
missionHistoryId = 00000000-0000-0000-0000-000000000000
missionExpansionVersion = 
saveMD5 = 870c98873732c572aa8538d58f2367bb
