vesselCount = 28
UT = 134897584.55548301
gameMode = CAREER
gameNull = False
gameCompatible = True
funds = 4151644.2820901461
science = 99
reputationPercent = 69
ongoingContracts = 1
missionCurrentScore = 0
missionIsStarted = False
missionIsEnded = False
missionHistoryId = 00000000-0000-0000-0000-000000000000
missionExpansionVersion = 
saveMD5 = 27705678b1596086dae8941cf22742c5
