vesselCount = 20
UT = 72972472.146312147
gameMode = CAREER
gameNull = False
gameCompatible = True
funds = 3621025.8548011086
science = 408
reputationPercent = 65
ongoingContracts = 2
missionCurrentScore = 0
missionIsStarted = False
missionIsEnded = False
missionHistoryId = 00000000-0000-0000-0000-000000000000
missionExpansionVersion = 
saveMD5 = 1e3adcd590377cd596ee2b8a74f08c3c
