vesselCount = 30
UT = 157550183.94172665
gameMode = CAREER
gameNull = False
gameCompatible = True
funds = 5153430.6140127014
science = 1526
reputationPercent = 71
ongoingContracts = 2
missionCurrentScore = 0
missionIsStarted = False
missionIsEnded = False
missionHistoryId = 00000000-0000-0000-0000-000000000000
missionExpansionVersion = 
saveMD5 = 5162321ccc64df4355d24350bcefd64f
