vesselCount = 24
UT = 88977959.35897696
gameMode = CAREER
gameNull = False
gameCompatible = True
funds = 4344058.463634938
science = 2459
reputationPercent = 68
ongoingContracts = 1
missionCurrentScore = 0
missionIsStarted = False
missionIsEnded = False
missionHistoryId = 00000000-0000-0000-0000-000000000000
missionExpansionVersion = 
saveMD5 = 597cf2b6b8d9b776c94388524c90622b
