vesselCount = 27
UT = 131189892.39641641
gameMode = CAREER
gameNull = False
gameCompatible = True
funds = 4700156.0128873456
science = 1772
reputationPercent = 69
ongoingContracts = 1
missionCurrentScore = 0
missionIsStarted = False
missionIsEnded = False
missionHistoryId = 00000000-0000-0000-0000-000000000000
missionExpansionVersion = 
saveMD5 = 57a9f3e0b26e15d9898fb45c04dabee6
