vesselCount = 15
UT = 45379137.490270272
gameMode = CAREER
gameNull = False
gameCompatible = True
funds = 1528005.50913208
science = 452
reputationPercent = 55
ongoingContracts = 2
missionCurrentScore = 0
missionIsStarted = False
missionIsEnded = False
missionHistoryId = 00000000-0000-0000-0000-000000000000
missionExpansionVersion = 
saveMD5 = 46fb101e44a8ced81030f31813772ca8
