vesselCount = 15
UT = 32001239.325710427
gameMode = CAREER
gameNull = False
gameCompatible = True
funds = 2675757.827160784
science = 70
reputationPercent = 53
ongoingContracts = 2
missionCurrentScore = 0
missionIsStarted = False
missionIsEnded = False
missionHistoryId = 00000000-0000-0000-0000-000000000000
missionExpansionVersion = 
saveMD5 = 15847abcf6936f0dedb2a98b988b69b3
