vesselCount = 13
UT = 25998312.211182315
gameMode = CAREER
gameNull = False
gameCompatible = True
funds = 1638348.8528114622
science = 150
reputationPercent = 45
ongoingContracts = 3
missionCurrentScore = 0
missionIsStarted = False
missionIsEnded = False
missionHistoryId = 00000000-0000-0000-0000-000000000000
missionExpansionVersion = 
saveMD5 = 7fd5cae42b277aca7ab8f10dece89316
