vesselCount = 8
UT = 1449240.2978775308
gameMode = CAREER
gameNull = False
gameCompatible = True
funds = 226614.5176596269
science = 116
reputationPercent = 29
ongoingContracts = 6
missionCurrentScore = 0
missionIsStarted = False
missionIsEnded = False
missionHistoryId = 00000000-0000-0000-0000-000000000000
missionExpansionVersion = 
saveMD5 = 051fa4702533b14b9607dc8f71d468bb
