vesselCount = 17
UT = 46385963.94411765
gameMode = CAREER
gameNull = False
gameCompatible = True
funds = 2276592.8465656401
science = 81
reputationPercent = 58
ongoingContracts = 2
missionCurrentScore = 0
missionIsStarted = False
missionIsEnded = False
missionHistoryId = 00000000-0000-0000-0000-000000000000
missionExpansionVersion = 
saveMD5 = 75894d5b4b3eff12046ba705263c3a6f
