vesselCount = 20
UT = 65174747.151583508
gameMode = CAREER
gameNull = False
gameCompatible = True
funds = 4341079.4995913226
science = 20
reputationPercent = 64
ongoingContracts = 3
missionCurrentScore = 0
missionIsStarted = False
missionIsEnded = False
missionHistoryId = 00000000-0000-0000-0000-000000000000
missionExpansionVersion = 
saveMD5 = 8668a8593a86a3e62e8c01d31d5e17b4
