vesselCount = 23
UT = 82209326.274609298
gameMode = CAREER
gameNull = False
gameCompatible = True
funds = 3517812.6201933841
science = 1510
reputationPercent = 66
ongoingContracts = 2
missionCurrentScore = 0
missionIsStarted = False
missionIsEnded = False
missionHistoryId = 00000000-0000-0000-0000-000000000000
missionExpansionVersion = 
saveMD5 = 31b6420126b9fa0e7ba5cf83701764e7
