vesselCount = 3
UT = 852698.20561161335
gameMode = CAREER
gameNull = False
gameCompatible = True
funds = 520993.87601092982
science = 12
reputationPercent = 21
ongoingContracts = 6
missionCurrentScore = 0
missionIsStarted = False
missionIsEnded = False
missionHistoryId = 00000000-0000-0000-0000-000000000000
missionExpansionVersion = 
saveMD5 = 467d71454cefb64a92aa2cc9659160ac
