vesselCount = 25
UT = 96466830.42881532
gameMode = CAREER
gameNull = False
gameCompatible = True
funds = 4309934.7192008644
science = 2186
reputationPercent = 68
ongoingContracts = 0
missionCurrentScore = 0
missionIsStarted = False
missionIsEnded = False
missionHistoryId = 00000000-0000-0000-0000-000000000000
missionExpansionVersion = 
saveMD5 = 83303f892f65cab37283cf6bcd3b04db
