vesselCount = 29
UT = 156566464.62238541
gameMode = CAREER
gameNull = False
gameCompatible = True
funds = 4610594.5474869702
science = 1346
reputationPercent = 70
ongoingContracts = 1
missionCurrentScore = 0
missionIsStarted = False
missionIsEnded = False
missionHistoryId = 00000000-0000-0000-0000-000000000000
missionExpansionVersion = 
saveMD5 = 9e89763e42e2f8c89e5696531ae620c0
