vesselCount = 13
UT = 26000977.767010003
gameMode = CAREER
gameNull = False
gameCompatible = True
funds = 1778631.586593213
science = 30
reputationPercent = 46
ongoingContracts = 3
missionCurrentScore = 0
missionIsStarted = False
missionIsEnded = False
missionHistoryId = 00000000-0000-0000-0000-000000000000
missionExpansionVersion = 
saveMD5 = 8f1982b3f28c3ce3c569a1eaae60f6d2
