vesselCount = 14
UT = 32001293.32570922
gameMode = CAREER
gameNull = False
gameCompatible = True
funds = 2676760.9424635852
science = 536
reputationPercent = 53
ongoingContracts = 2
missionCurrentScore = 0
missionIsStarted = False
missionIsEnded = False
missionHistoryId = 00000000-0000-0000-0000-000000000000
missionExpansionVersion = 
saveMD5 = 2adca71d576fef567f66ee4754b463ed
