vesselCount = 24
UT = 89035696.782443449
gameMode = CAREER
gameNull = False
gameCompatible = True
funds = 4220858.463634938
science = 1083
reputationPercent = 68
ongoingContracts = 2
missionCurrentScore = 0
missionIsStarted = False
missionIsEnded = False
missionHistoryId = 00000000-0000-0000-0000-000000000000
missionExpansionVersion = 
saveMD5 = 3ee8b4c8bbff6500de8f3ffe1097dce9
