vesselCount = 9
UT = 17696067.714562047
gameMode = CAREER
gameNull = False
gameCompatible = True
funds = 1015955.4897170544
science = 52
reputationPercent = 39
ongoingContracts = 3
missionCurrentScore = 0
missionIsStarted = False
missionIsEnded = False
missionHistoryId = 00000000-0000-0000-0000-000000000000
missionExpansionVersion = 
saveMD5 = 6b2c15dee78e7709d99325ddc4fdc800
