vesselCount = 24
UT = 89073820.519811213
gameMode = CAREER
gameNull = False
gameCompatible = True
funds = 4231684.1612381637
science = 1219
reputationPercent = 68
ongoingContracts = 1
missionCurrentScore = 0
missionIsStarted = False
missionIsEnded = False
missionHistoryId = 00000000-0000-0000-0000-000000000000
missionExpansionVersion = 
saveMD5 = 62f96f54405e0b20881955e38fd1b85c
