vesselCount = 16
UT = 46385170.254502274
gameMode = CAREER
gameNull = False
gameCompatible = True
funds = 2112554.3394873147
science = 75
reputationPercent = 57
ongoingContracts = 1
missionCurrentScore = 0
missionIsStarted = False
missionIsEnded = False
missionHistoryId = 00000000-0000-0000-0000-000000000000
missionExpansionVersion = 
saveMD5 = 4aab8ed95330226dea54157da92a9bdc
