vesselCount = 9
UT = 1496456.7598484298
gameMode = CAREER
gameNull = False
gameCompatible = True
funds = 687582.05451444059
science = 80
reputationPercent = 33
ongoingContracts = 2
missionCurrentScore = 0
missionIsStarted = False
missionIsEnded = False
missionHistoryId = 00000000-0000-0000-0000-000000000000
missionExpansionVersion = 
saveMD5 = 3ba0e5dfbd305a9d8e3663f9ea979b7d
