vesselCount = 10
UT = 23098207.425508119
gameMode = CAREER
gameNull = False
gameCompatible = True
funds = 745007.72412478586
science = 83
reputationPercent = 40
ongoingContracts = 2
missionCurrentScore = 0
missionIsStarted = False
missionIsEnded = False
missionHistoryId = 00000000-0000-0000-0000-000000000000
missionExpansionVersion = 
saveMD5 = 8126450ca8b6630a1fa0a8700893457e
