vesselCount = 9
UT = 17695842.420835923
gameMode = CAREER
gameNull = False
gameCompatible = True
funds = 919370.53732035728
science = 345
reputationPercent = 39
ongoingContracts = 3
missionCurrentScore = 0
missionIsStarted = False
missionIsEnded = False
missionHistoryId = 00000000-0000-0000-0000-000000000000
missionExpansionVersion = 
saveMD5 = 5246bcdf9ddaf5d34522952292446158
