vesselCount = 20
UT = 71760763.249506935
gameMode = CAREER
gameNull = False
gameCompatible = True
funds = 4552015.2300008731
science = 605
reputationPercent = 63
ongoingContracts = 1
missionCurrentScore = 0
missionIsStarted = False
missionIsEnded = False
missionHistoryId = 00000000-0000-0000-0000-000000000000
missionExpansionVersion = 
saveMD5 = 1557d582ecbec99141e23d618da17444
