vesselCount = 8
UT = 1450193.9390501406
gameMode = CAREER
gameNull = False
gameCompatible = True
funds = 246745.36618820281
science = 33
reputationPercent = 29
ongoingContracts = 0
missionCurrentScore = 0
missionIsStarted = False
missionIsEnded = False
missionHistoryId = 00000000-0000-0000-0000-000000000000
missionExpansionVersion = 
saveMD5 = 68903520ac43116cac564ed33d84bfc0
