vesselCount = 27
UT = 134646486.44721052
gameMode = CAREER
gameNull = False
gameCompatible = True
funds = 4864482.1560603967
science = 771
reputationPercent = 69
ongoingContracts = 2
missionCurrentScore = 0
missionIsStarted = False
missionIsEnded = False
missionHistoryId = 00000000-0000-0000-0000-000000000000
missionExpansionVersion = 
saveMD5 = 039f1a9448cf907c9fe3c6c86d599edd
