vesselCount = 24
UT = 88978221.41892229
gameMode = CAREER
gameNull = False
gameCompatible = True
funds = 4359358.463634938
science = 1059
reputationPercent = 68
ongoingContracts = 2
missionCurrentScore = 0
missionIsStarted = False
missionIsEnded = False
missionHistoryId = 00000000-0000-0000-0000-000000000000
missionExpansionVersion = 
saveMD5 = 8932a3a2d541dcde181a374100813623
