vesselCount = 26
UT = 131169958.27793422
gameMode = CAREER
gameNull = False
gameCompatible = True
funds = 4591536.4060547221
science = 2706
reputationPercent = 69
ongoingContracts = 0
missionCurrentScore = 0
missionIsStarted = False
missionIsEnded = False
missionHistoryId = 00000000-0000-0000-0000-000000000000
missionExpansionVersion = 
saveMD5 = 25f199ceb797b880a79fce141d43ef56
