vesselCount = 8
UT = 1510552.6288935763
gameMode = CAREER
gameNull = False
gameCompatible = True
funds = 758750.14472177892
science = 106
reputationPercent = 34
ongoingContracts = 3
missionCurrentScore = 0
missionIsStarted = False
missionIsEnded = False
missionHistoryId = 00000000-0000-0000-0000-000000000000
missionExpansionVersion = 
saveMD5 = 6f3b0e70292e04d69f002baae472b23d
