vesselCount = 24
UT = 85201801.445030406
gameMode = CAREER
gameNull = False
gameCompatible = True
funds = 3832678.3629245325
science = 1214
reputationPercent = 66
ongoingContracts = 2
missionCurrentScore = 0
missionIsStarted = False
missionIsEnded = False
missionHistoryId = 00000000-0000-0000-0000-000000000000
missionExpansionVersion = 
saveMD5 = 8a8c32f61ddc3107d9229ab8f1493a63
