vesselCount = 16
UT = 45926961.633836977
gameMode = CAREER
gameNull = False
gameCompatible = True
funds = 1979620.2283112386
science = 70
reputationPercent = 57
ongoingContracts = 3
missionCurrentScore = 0
missionIsStarted = False
missionIsEnded = False
missionHistoryId = 00000000-0000-0000-0000-000000000000
missionExpansionVersion = 
saveMD5 = 40aedf8ed93d34e3bd3c8703d92a1acb
