vesselCount = 12
UT = 23102640.032509532
gameMode = CAREER
gameNull = False
gameCompatible = True
funds = 729012.71058928629
science = 14
reputationPercent = 40
ongoingContracts = 2
missionCurrentScore = 0
missionIsStarted = False
missionIsEnded = False
missionHistoryId = 00000000-0000-0000-0000-000000000000
missionExpansionVersion = 
saveMD5 = 7f03c02daf227993ecba27ee9c4775cb
