vesselCount = 29
UT = 135159553.87293652
gameMode = CAREER
gameNull = False
gameCompatible = True
funds = 4038010.1577338763
science = 101
reputationPercent = 69
ongoingContracts = 2
missionCurrentScore = 0
missionIsStarted = False
missionIsEnded = False
missionHistoryId = 00000000-0000-0000-0000-000000000000
missionExpansionVersion = 
saveMD5 = 149d2c74275a0c999670a3125703a076
