vesselCount = 29
UT = 134928468.92426273
gameMode = CAREER
gameNull = False
gameCompatible = True
funds = 4038010.1577338763
science = 101
reputationPercent = 69
ongoingContracts = 2
missionCurrentScore = 0
missionIsStarted = False
missionIsEnded = False
missionHistoryId = 00000000-0000-0000-0000-000000000000
missionExpansionVersion = 
saveMD5 = 1e3a42ec586706e6fbae1f35915f8ec7
