vesselCount = 15
UT = 30932536.865059655
gameMode = CAREER
gameNull = False
gameCompatible = True
funds = 1883052.1364166562
science = 38
reputationPercent = 46
ongoingContracts = 4
missionCurrentScore = 0
missionIsStarted = False
missionIsEnded = False
missionHistoryId = 00000000-0000-0000-0000-000000000000
missionExpansionVersion = 
saveMD5 = 1a5c5c1f348302acc162df7499d930bf
