vesselCount = 17
UT = 46782042.242851309
gameMode = CAREER
gameNull = False
gameCompatible = True
funds = 2573140.6830744208
science = 98
reputationPercent = 59
ongoingContracts = 2
missionCurrentScore = 0
missionIsStarted = False
missionIsEnded = False
missionHistoryId = 00000000-0000-0000-0000-000000000000
missionExpansionVersion = 
saveMD5 = 988345a1bc7282e0ea95e79bf6472e57
