vesselCount = 0
UT = 16251.986969622689
gameMode = CAREER
gameNull = False
gameCompatible = True
funds = 224252.18942033249
science = 25
reputationPercent = 9
ongoingContracts = 5
missionCurrentScore = 0
missionIsStarted = False
missionIsEnded = False
missionHistoryId = 00000000-0000-0000-0000-000000000000
missionExpansionVersion = 
saveMD5 = 02bd8ac3080e9de6e0dedaa894b286f6
