vesselCount = 31
UT = 167455623.93282983
gameMode = CAREER
gameNull = False
gameCompatible = True
funds = 5165773.4349642498
science = 2840
reputationPercent = 71
ongoingContracts = 1
missionCurrentScore = 0
missionIsStarted = False
missionIsEnded = False
missionHistoryId = 00000000-0000-0000-0000-000000000000
missionExpansionVersion = 
saveMD5 = 4dfaab62f5c9febd37f2c9066bdb900e
