vesselCount = 20
UT = 71733574.614776284
gameMode = CAREER
gameNull = False
gameCompatible = True
funds = 4239037.7262308793
science = 108
reputationPercent = 62
ongoingContracts = 2
missionCurrentScore = 0
missionIsStarted = False
missionIsEnded = False
missionHistoryId = 00000000-0000-0000-0000-000000000000
missionExpansionVersion = 
saveMD5 = 1626b382d804d2d286fe0f3ecfb2f809
