vesselCount = 0
UT = 15884.528649306643
gameMode = CAREER
gameNull = False
gameCompatible = True
funds = 222215.27623235184
science = 10
reputationPercent = 9
ongoingContracts = 6
missionCurrentScore = 0
missionIsStarted = False
missionIsEnded = False
missionHistoryId = 00000000-0000-0000-0000-000000000000
missionExpansionVersion = 
saveMD5 = 3c846ee98754358a8107b5716c37d6be
