vesselCount = 15
UT = 45880009.118273892
gameMode = CAREER
gameNull = False
gameCompatible = True
funds = 1750317.7553671491
science = 47
reputationPercent = 56
ongoingContracts = 2
missionCurrentScore = 0
missionIsStarted = False
missionIsEnded = False
missionHistoryId = 00000000-0000-0000-0000-000000000000
missionExpansionVersion = 
saveMD5 = 1063adb48ec80c779e6f83710d5792d8
