vesselCount = 15
UT = 47211226.045042947
gameMode = CAREER
gameNull = False
gameCompatible = True
funds = 3663958.1020897562
science = 142
reputationPercent = 60
ongoingContracts = 3
missionCurrentScore = 0
missionIsStarted = False
missionIsEnded = False
missionHistoryId = 00000000-0000-0000-0000-000000000000
missionExpansionVersion = 
saveMD5 = 3160e01315e04af3c536c0440bb33729
