vesselCount = 9
UT = 17165891.81687662
gameMode = CAREER
gameNull = False
gameCompatible = True
funds = 1029255.6517307576
science = 119
reputationPercent = 37
ongoingContracts = 3
missionCurrentScore = 0
missionIsStarted = False
missionIsEnded = False
missionHistoryId = 00000000-0000-0000-0000-000000000000
missionExpansionVersion = 
saveMD5 = 46b08b47e7d69cd576dfd8a0172d25d0
