vesselCount = 9
UT = 17165873.236877035
gameMode = CAREER
gameNull = False
gameCompatible = True
funds = 1001255.6517307576
science = 119
reputationPercent = 37
ongoingContracts = 2
missionCurrentScore = 0
missionIsStarted = False
missionIsEnded = False
missionHistoryId = 00000000-0000-0000-0000-000000000000
missionExpansionVersion = 
saveMD5 = 241c2d24d456ba43b95543ead950d2d4
