vesselCount = 13
UT = 24007140.624049075
gameMode = CAREER
gameNull = False
gameCompatible = True
funds = 1000984.8005036077
science = 21
reputationPercent = 42
ongoingContracts = 2
missionCurrentScore = 0
missionIsStarted = False
missionIsEnded = False
missionHistoryId = 00000000-0000-0000-0000-000000000000
missionExpansionVersion = 
saveMD5 = 06491eff3d5f3235877584af76fb7a0a
