vesselCount = 17
UT = 59573562.711269759
gameMode = CAREER
gameNull = False
gameCompatible = True
funds = 5398111.203180762
science = 389
reputationPercent = 63
ongoingContracts = 2
missionCurrentScore = 0
missionIsStarted = False
missionIsEnded = False
missionHistoryId = 00000000-0000-0000-0000-000000000000
missionExpansionVersion = 
saveMD5 = 0254b02b25a681af78b97c5d1dbc7b51
