vesselCount = 13
UT = 25999564.16868129
gameMode = CAREER
gameNull = False
gameCompatible = True
funds = 1792601.4304357194
science = 153
reputationPercent = 46
ongoingContracts = 3
missionCurrentScore = 0
missionIsStarted = False
missionIsEnded = False
missionHistoryId = 00000000-0000-0000-0000-000000000000
missionExpansionVersion = 
saveMD5 = 9fac1c07a000105da22ac2ad5391c0f6
