vesselCount = 24
UT = 88978375.758890092
gameMode = CAREER
gameNull = False
gameCompatible = True
funds = 4359358.463634938
science = 1059
reputationPercent = 68
ongoingContracts = 2
missionCurrentScore = 0
missionIsStarted = False
missionIsEnded = False
missionHistoryId = 00000000-0000-0000-0000-000000000000
missionExpansionVersion = 
saveMD5 = 5147d71418080ae91a43f953701704b8
