vesselCount = 24
UT = 88978152.238936722
gameMode = CAREER
gameNull = False
gameCompatible = True
funds = 4359358.463634938
science = 1059
reputationPercent = 68
ongoingContracts = 2
missionCurrentScore = 0
missionIsStarted = False
missionIsEnded = False
missionHistoryId = 00000000-0000-0000-0000-000000000000
missionExpansionVersion = 
saveMD5 = 995cc39e2bd5eb4607eca10114c7fb67
