vesselCount = 7
UT = 1445901.485250002
gameMode = CAREER
gameNull = False
gameCompatible = True
funds = 243279.5176596269
science = 116
reputationPercent = 27
ongoingContracts = 7
missionCurrentScore = 0
missionIsStarted = False
missionIsEnded = False
missionHistoryId = 00000000-0000-0000-0000-000000000000
missionExpansionVersion = 
saveMD5 = 6ecd4d3361cdae93e70a7a8e4f7ae27d
