vesselCount = 15
UT = 45379150.11027234
gameMode = CAREER
gameNull = False
gameCompatible = True
funds = 1604375.5587875175
science = 452
reputationPercent = 55
ongoingContracts = 4
missionCurrentScore = 0
missionIsStarted = False
missionIsEnded = False
missionHistoryId = 00000000-0000-0000-0000-000000000000
missionExpansionVersion = 
saveMD5 = 855da574ba62e9c8f75cfc990f1937a6
