vesselCount = 27
UT = 134624497.12305388
gameMode = CAREER
gameNull = False
gameCompatible = True
funds = 4896109.0193416467
science = 2771
reputationPercent = 69
ongoingContracts = 2
missionCurrentScore = 0
missionIsStarted = False
missionIsEnded = False
missionHistoryId = 00000000-0000-0000-0000-000000000000
missionExpansionVersion = 
saveMD5 = 745a206c6493258b76b7a98465431f5d
