vesselCount = 31
UT = 167858346.79915062
gameMode = CAREER
gameNull = False
gameCompatible = True
funds = 5723038.4121936569
science = 618
reputationPercent = 72
ongoingContracts = 1
missionCurrentScore = 0
missionIsStarted = False
missionIsEnded = False
missionHistoryId = 00000000-0000-0000-0000-000000000000
missionExpansionVersion = 
saveMD5 = 981b0aa2052279d617937e0d7983900a
