vesselCount = 17
UT = 47191040.50464271
gameMode = CAREER
gameNull = False
gameCompatible = True
funds = 3663958.1020897562
science = 142
reputationPercent = 60
ongoingContracts = 3
missionCurrentScore = 0
missionIsStarted = False
missionIsEnded = False
missionHistoryId = 00000000-0000-0000-0000-000000000000
missionExpansionVersion = 
saveMD5 = 03255b46217fe1f5922e2bb24eb572ea
