vesselCount = 20
UT = 71759710.137676507
gameMode = CAREER
gameNull = False
gameCompatible = True
funds = 4325277.7262308793
science = 375
reputationPercent = 63
ongoingContracts = 2
missionCurrentScore = 0
missionIsStarted = False
missionIsEnded = False
missionHistoryId = 00000000-0000-0000-0000-000000000000
missionExpansionVersion = 
saveMD5 = 37a3e99a1ca4934ac709dced9db08d61
