vesselCount = 25
UT = 89089548.76962018
gameMode = CAREER
gameNull = False
gameCompatible = True
funds = 4210250.1356849372
science = 980
reputationPercent = 68
ongoingContracts = 0
missionCurrentScore = 0
missionIsStarted = False
missionIsEnded = False
missionHistoryId = 00000000-0000-0000-0000-000000000000
missionExpansionVersion = 
saveMD5 = 6101c50313c4c7f409f32ff6162fb37b
