vesselCount = 19
UT = 65171587.182142973
gameMode = CAREER
gameNull = False
gameCompatible = True
funds = 4359291.8999819476
science = 20
reputationPercent = 64
ongoingContracts = 3
missionCurrentScore = 0
missionIsStarted = False
missionIsEnded = False
missionHistoryId = 00000000-0000-0000-0000-000000000000
missionExpansionVersion = 
saveMD5 = 8f43f82da102bc853554d91b627e3854
