vesselCount = 17
UT = 47004224.695898376
gameMode = CAREER
gameNull = False
gameCompatible = True
funds = 3663958.1020897562
science = 142
reputationPercent = 60
ongoingContracts = 3
missionCurrentScore = 0
missionIsStarted = False
missionIsEnded = False
missionHistoryId = 00000000-0000-0000-0000-000000000000
missionExpansionVersion = 
saveMD5 = 33c5386f82ab295287deefa0a8de9512
