vesselCount = 4
UT = 854071.17010944895
gameMode = CAREER
gameNull = False
gameCompatible = True
funds = 518729.66686550307
science = 85
reputationPercent = 21
ongoingContracts = 7
missionCurrentScore = 0
missionIsStarted = False
missionIsEnded = False
missionHistoryId = 00000000-0000-0000-0000-000000000000
missionExpansionVersion = 
saveMD5 = 39d01ed1e30f5325cb888d03d0059b77
