vesselCount = 7
UT = 1445444.4052495763
gameMode = CAREER
gameNull = False
gameCompatible = True
funds = 674065.91764207929
science = 205
reputationPercent = 26
ongoingContracts = 7
missionCurrentScore = 0
missionIsStarted = False
missionIsEnded = False
missionHistoryId = 00000000-0000-0000-0000-000000000000
missionExpansionVersion = 
saveMD5 = 1ce97e54916a4a3672e136815934076b
