vesselCount = 20
UT = 71762531.13778697
gameMode = CAREER
gameNull = False
gameCompatible = True
funds = 4552015.2300008731
science = 748
reputationPercent = 63
ongoingContracts = 1
missionCurrentScore = 0
missionIsStarted = False
missionIsEnded = False
missionHistoryId = 00000000-0000-0000-0000-000000000000
missionExpansionVersion = 
saveMD5 = 1e016a199a17c73b2cab6912432578ec
