vesselCount = 31
UT = 167401651.10740712
gameMode = CAREER
gameNull = False
gameCompatible = True
funds = 5165773.4349642498
science = 2365
reputationPercent = 71
ongoingContracts = 1
missionCurrentScore = 0
missionIsStarted = False
missionIsEnded = False
missionHistoryId = 00000000-0000-0000-0000-000000000000
missionExpansionVersion = 
saveMD5 = 946299de478e94d101bc6540202166aa
