vesselCount = 17
UT = 59538602.807517126
gameMode = CAREER
gameNull = False
gameCompatible = True
funds = 5398111.203180762
science = 389
reputationPercent = 63
ongoingContracts = 2
missionCurrentScore = 0
missionIsStarted = False
missionIsEnded = False
missionHistoryId = 00000000-0000-0000-0000-000000000000
missionExpansionVersion = 
saveMD5 = 6121a716ee9d85bc62c4232ad68aa527
