vesselCount = 22
UT = 79471857.808146253
gameMode = CAREER
gameNull = False
gameCompatible = True
funds = 3494409.0047892551
science = 428
reputationPercent = 66
ongoingContracts = 2
missionCurrentScore = 0
missionIsStarted = False
missionIsEnded = False
missionHistoryId = 00000000-0000-0000-0000-000000000000
missionExpansionVersion = 
saveMD5 = 112307f39766a19a94721d3ab6787754
