vesselCount = 1
UT = 171927.87591499102
gameMode = CAREER
gameNull = False
gameCompatible = True
funds = 528856.72582136584
science = 131
reputationPercent = 18
ongoingContracts = 4
missionCurrentScore = 0
missionIsStarted = False
missionIsEnded = False
missionHistoryId = 00000000-0000-0000-0000-000000000000
missionExpansionVersion = 
saveMD5 = 21d3b16d9846e893b3f2c37090decc34
