vesselCount = 18
UT = 60113913.420409955
gameMode = CAREER
gameNull = False
gameCompatible = True
funds = 5499518.3452944476
science = 180
reputationPercent = 64
ongoingContracts = 2
missionCurrentScore = 0
missionIsStarted = False
missionIsEnded = False
missionHistoryId = 00000000-0000-0000-0000-000000000000
missionExpansionVersion = 
saveMD5 = 1f6c2d12436c3504d0011b5984062c85
