vesselCount = 20
UT = 72993900.060917839
gameMode = CAREER
gameNull = False
gameCompatible = True
funds = 3422285.8538855813
science = 270
reputationPercent = 65
ongoingContracts = 3
missionCurrentScore = 0
missionIsStarted = False
missionIsEnded = False
missionHistoryId = 00000000-0000-0000-0000-000000000000
missionExpansionVersion = 
saveMD5 = 33b7f0c4f6637ba240d64a5672537596
