vesselCount = 19
UT = 65176290.698605396
gameMode = CAREER
gameNull = False
gameCompatible = True
funds = 4329966.0468821246
science = 68
reputationPercent = 64
ongoingContracts = 3
missionCurrentScore = 0
missionIsStarted = False
missionIsEnded = False
missionHistoryId = 00000000-0000-0000-0000-000000000000
missionExpansionVersion = 
saveMD5 = 01a1af4ff3e06f2397bed5ef63579608
