vesselCount = 2
UT = 316668.12060640653
gameMode = CAREER
gameNull = False
gameCompatible = True
funds = 470038.87796405482
science = 25
reputationPercent = 20
ongoingContracts = 6
missionCurrentScore = 0
missionIsStarted = False
missionIsEnded = False
missionHistoryId = 00000000-0000-0000-0000-000000000000
missionExpansionVersion = 
saveMD5 = 5fb29a3d0518c9aeebcf343033ab03a0
